500 227 143.8 106.2 112.2 109.6
600 241.6 164.2 132.2 130.2 128.2
700 349.4 253.2 187.6 175.4 179.6
800 419.4 269 213.6 170 281.2
900 448.8 307.8 224.6 217 278.2
1000 518.8 325.6 267 249.6 237.2
1100 509.4 338.6 266.6 318.2 255.6
1200 527.2 397.2 344 296.2 282
1300 596.4 484.6 323.4 363.8 333.6
1400 866 644 394.4 391 420.2
1500 1615.6 768.2 471.6 493.8 454.4
1600 1022.6 795.8 580.8 533.4 476.2
1700 1260.4 837.2 586.8 541.8 387.4
1800 1053.4 637.2 490.6 447.2 487
1900 1126.2 906.2 557.8 492.2 470.2
2000 1007.4 715.4 858.4 493.6 681.8
2100 1016.8 670.4 533.2 510.6 601.4
2200 1111.2 683.4 608 652.2 514.8
2300 1047.6 859.8 671.4 613.6 542.6
2400 1122.6 863.6 687.2 731.8 588.4
2500 1161.8 887.8 713.2 739.8 717
2600 1281.8 923.2 786 751.8 734.8
2700 1395.6 1006 807.4 702.4 683
2800 1660.4 1250 818.4 722.4 842.8
2900 1875.4 2598.6 2203.6 1056.2 1392.6
3000 2405.4 1298.6 1053 1152.4 953
3100 4303.6 1863.6 1194.6 1531.2 1098.2
3200 3661 1474.4 1134.4 1729.4 1873.8
3300 3069.2 1565.2 2924.8 1387.8 1626.8
3400 2524 1445.2 1176.8 1092.2 1322.4
3500 2424.8 2234.6 1185.4 944.4 1153.2
3600 3004.2 2864.8 1830 1157 1209
3700 2517.6 1576 1303 1139.2 1163.8
3800 2374 1504.8 1234.8 1079.4 1194
3900 2880.6 3075.2 1392.6 1664.6 1237
4000 2403.2 1655.8 1864.6 1373.4 1282.6
4100 4357.4 1770.6 1419 1416.4 1319.8
4200 2765.4 3811.6 1700.8 1441.4 1318
4300 3521.6 1727.2 1247.4 1569.2 2017.4
4400 3799.4 1797.8 1502.8 1493.4 1266
4500 3717.8 1795.8 1449.2 2500.6 2027.8
4600 3184.4 2608.4 3254.6 2127 1442.4
4700 2808.4 2041.8 1579 1494.6 1738
4800 3370.2 1938.4 1617.6 1793.6 1621.6
4900 2836 1957.8 1555.8 1643.2 2245.4
5000 2864.2 2009.4 1690 1692.4 1649
5100 3872 2487.6 1712.2 1745.6 1811.6
5200 3033.8 2722 2006.6 3302.6 3221.4
5300 4641.8 2391.8 1990.4 2323 1927.2
5400 3509.2 3111.4 2137 1811.6 1888.4
5500 3643.2 2924.4 2150.8 1853.2 2155.8
5600 4154.4 4333 2720.4 2047.4 2421
5700 3875.8 3262.2 2207 1921.6 1930.4
5800 4377 3532.4 3740.4 3413.6 3428.6
5900 4454 3049.2 2272.2 2422.8 2121.8
6000 4361.6 5975 2840.2 3397.8 3409
6100 6047.8 3047.6 2255.2 2062 2022.4
6200 6047.6 3285.6 2199.2 2180.6 2307.4
6300 4404.6 3379.2 2383 2053.2 1987.2
6400 4656.2 3069 2264 2099.6 2328
6500 4651.6 4186.2 3385 2091.4 2197.4
6600 4879.2 3422.4 3601.4 3110.6 2232.2
6700 4894.8 4939.6 2477.2 2287.4 2550.8
6800 6426.4 4560.2 2626.8 2192.4 2609.6
6900 5879.8 3290.6 2605.8 2264.8 3615.8
7000 5010.8 3294.8 2607.8 2344.4 2909.4
7100 5237.6 3227.6 2660.2 2425.6 3105.2
7200 5264 3558 3731 2427 2403.2
7300 6563.8 3609.4 2729.6 2517.6 2475.2
7400 5804.2 3432.8 2760.4 2494 2678.6
7500 5109.2 3516.6 2786.2 2484.2 2542.6
7600 5130 3492.2 2798.8 2604.8 2586.6
7700 5108.6 3672.6 2855.6 2637.8 3467
7800 5395.8 3545.4 2887.8 4142.2 2653.4
7900 6792.2 3607.4 4367.8 4911.6 2715.6
8000 6137 3634.8 2961.2 4851.4 3033
8100 7060.6 4368 2969.8 4596 3298
8200 6414 3713.4 3015.2 3058.8 2855.6
8300 5446.2 3491 3195.6 3030 2898.8
8400 7897.6 3896.6 3323.8 5162.4 3338.4
8500 5571.2 4911.6 3121 3422.8 3282.6
8600 6022.8 4613.8 3141 3396.2 2937
8700 7030.6 3538.8 3059.2 2944.6 2978.2
8800 5262.8 3562.8 3407.6 3014.2 3317.6
8900 6363 5620 3005.8 3243.4 3466.8
9000 5876.4 3966.8 4497.2 4096.4 4135.4
9100 5919.2 4657.2 3338.4 4442.4 4177.8
9200 5622.2 3821.4 3525.6 3441.6 3241.2
9300 5887 5009.8 4481.2 4431 3474.4
9400 7834.6 4167 3278.6 3393.2 5016.8
9500 5777 4043.4 3405.6 3433.4 3349.4
9600 5877.2 3878 4199.8 5356.6 3409
9700 6264.4 5396.8 3495.6 3552.2 3348.2
9800 5791.2 4439.2 3603 3853.6 3463.6
9900 5946.8 4222.8 4492.2 3913.6 3544.2
10000 5946.6 4260.6 3609.4 3641 4205
10100 7697.2 7677.6 4401.8 4153.2 3854.4
10200 8628.4 4133.2 3834 3632.8 4013.2
10300 6574.6 4445.6 3797.6 3686.4 3717.8
10400 6262.6 6114.6 3946 3760.4 4154.4
10500 9705.8 4777.6 5971.6 3777.8 4115
10600 6812.4 5739.4 5861.2 4349 4364.2
10700 9914 5275.2 4441.2 4050.6 3799.6
10800 7049.4 5445.8 4558.4 4477 5313
10900 9815.8 7040.6 6724.4 4351 4112.2
11000 9066.4 5881.6 4995 4223.6 4255.6
11100 10012.2 5948.6 5272.2 3923.8 3733.6
11200 8868.8 7181 5613.6 4032.6 3944.4
11300 10179 8206.8 4811.8 4057.4 5250.6
11400 8353.2 6902 4710 6541.2 5905.6
11500 9956 7306.4 6243.8 5001.2 4197
11600 11095.6 6544.2 4666 4228.4 4931
11700 13407.2 8774.8 5999.4 6472.8 6153.6
11800 13433 6384.6 4820.6 5979.6 4325
11900 9602.6 6378.6 5092.4 4566.6 5913.6
12000 9258 6382.4 4899.6 5094.6 4465.8
12100 13600.4 8254.2 5099.2 4626 4892.4
12200 9816.2 7928.4 8018.6 5563.4 4501
12300 9723 6410.2 6384 4443 5474.8
12400 10034.4 6478 6886 4925.8 6399.4
12500 12656.6 6748.4 5083.6 4499.4 4838.2
12600 10351.4 7551.4 5093.4 4764.8 4761.4
12700 9885.6 6464.4 5191.2 4610.8 4986.8
12800 10774.4 8437.2 5178.2 4631.8 4860.8
12900 10745 7457.8 5196.4 5696 5876
13000 11550 6671.8 6764.4 4869.6 4735.8
13100 12343 6690.8 5279 4717.6 4730.2
13200 11755.8 6617.6 6057 5425.8 5424.6
13300 10049.2 7542.8 5930.6 4775.8 7340.8
13400 10058.4 7379 5694.8 4860.6 4790.6
13500 10202.6 7218.2 5351.6 4857.8 5022.8
13600 10308 8994 5716 4925.4 6865.6
13700 12557.6 6803.8 7599.8 4957 5342.8
13800 10289.4 6922.4 6697.4 4960.6 5238.4
13900 10611.6 7850.6 6905.4 5326 5078.4
14000 11247.8 6979.8 5563.4 5393.8 5626.6
14100 12165.4 6943.8 6695.2 5069.8 5110.8
14200 10810.6 6879 5632.6 5176.6 6248
14300 10313 7257.2 6953.4 5553.2 5197.6
14400 10837.2 7926.8 7650.4 5200.6 5234.4
14500 11660 7099.4 5624.6 5390.6 5265.6
14600 12943.2 7164.8 6106.4 6818.8 5608.2
14700 10618.2 9227.4 6064.2 5280.6 5498.4
14800 10581.2 7720.6 5758.8 5418.2 7836.4
14900 14274.8 9104 5827 6755 5673.6
15000 11096.8 7296.4 5930.4 5809.2 6598.2
15100 10521.8 8228 5996.2 8017.8 5601.2
15200 18368.2 8284.2 6021 5477.6 6203.4
15300 14075.8 7374.8 6628.4 5574.6 6251
15400 10974.6 7330.2 6257 5680.6 7081
15500 13220.8 8973.2 5947.8 5933.6 6046.6
15600 10671.2 7485.4 6352.8 6562.6 5965.2
15700 11202.6 8534.8 9150.8 9620.6 6003
15800 12935.4 8602 7944.4 6150.4 6303.6
15900 11613.6 9633.4 6166.8 6166.6 5850.2
16000 13991.8 7923.4 6659.4 11235.8 5890.6
16100 11120.2 9528.2 6668.6 7574.8 6081.4
16200 11467.4 7727.6 8421 8720.2 6187.4
16300 13267.6 7744 7041.6 6295 6805
16400 11321.4 7966.2 9136.8 6719.4 6176.8
16500 11574.8 8896.6 6347.8 6967.4 6544.4
16600 12153.6 7825.6 8079.4 6450.8 7311.8
16700 11310.6 8490.2 7043.8 6608.8 6330.8
16800 17522.2 12128.6 6790.4 6730 6063.2
16900 13919.2 9801.8 7305.6 7433.4 8866
17000 11704.6 8304.6 6613.6 6394.4 6519
17100 15925.2 9817.6 6465 6651 9848.6
17200 17474.4 9334.6 9009.8 7117.4 9766.2
17300 14316.6 8752.4 7184.8 7520.8 6442.6
17400 13376.2 7945.2 7631.6 9817 8751.2
17500 12982.4 7914.2 6861.2 7141.6 6758.2
17600 11958 8672 6833.6 6970 6780.4
17700 11224.4 8925.8 7550.8 6779.2 7699.8
17800 14082.4 8665.8 10764.2 7037 7602.8
17900 12006 8409.6 10819.6 7746.2 6601.6
18000 12807.2 8529 7053.6 9474.8 7477
18100 12348 9817.2 7049.8 6986.8 6765.2
18200 12629 9321.4 9400.8 10974.6 10106.4
18300 16541.6 8722.2 7211.2 7213.2 9346.4
18400 17020.8 10685.6 9564 7290.2 7823.6
18500 12021.4 8582 11307.4 7447 6983.2
18600 11909.8 10425.4 8641.8 7196.2 9999.6
18700 14804.4 8631.6 7332.8 10778.8 6947
18800 12108.6 10016.4 7819.4 7275.8 7857.4
18900 12326.4 11189.4 7410.6 7185.2 12595
19000 12576.4 8626.6 7939 7373.8 7179.2
19100 12076.8 8826.4 7839.6 8188.4 7384
19200 13384 8867.2 7393.2 7432.6 7170
19300 12218.6 9554 7449.4 7422 7280
19400 14805.6 8776.4 11432 7570.2 7344.4
19500 12304.2 11169 8615.2 8263.8 7572.8
19600 19838.2 9660.2 7789.2 8779.2 11708.4
19700 13617.4 15555.8 7503.6 7576.8 7473.2
19800 12392.2 9421.2 9044.2 9114.2 10082.4
19900 14220.2 9603.2 9002.2 7698.8 12433
20000 12855 9681 7990.2 13761 7530
20100 14753.2 9137.4 8784.4 8326.4 7530
20200 12894.2 9045.4 7943.2 7765.2 14149
20300 13238.2 9015.2 8262.4 12270 8229.8
20400 12774.6 9896.6 7893 10896.8 10606.4
20500 14478.4 10840.8 8317 7985 7743.4
20600 13737.8 10890.8 8015 7990.6 8144.6
20700 15133.6 9324.8 7872.2 8200.2 12805.8
20800 15229.4 9795.8 9482.4 8209.8 9831.8
20900 14006 10391.6 8955.6 9790.2 8538.2
21000 13208.4 12350.4 8654.2 14296.4 9987.2
21100 14230 11561.2 9145.2 7696.4 7829.8
21200 15931.6 10657.8 12420 10263.6 8048
21300 17535.2 11249.2 9282.2 8299 8154.6
21400 15038 11648.8 9230 8658.2 9864.4
21500 15008.4 11138 10883.4 11316 7907.6
21600 14326.4 12471.2 11194.8 8352.8 8438.6
21700 15263.4 14388.6 10261 9173.2 9010.6
21800 15458 11956.8 9830.4 8578.2 10652.8
21900 15756 14969.6 9901.6 8671.2 8500.6
22000 15556.6 12185.6 10125.6 8374 9000.8
22100 16576 19592.4 16029.2 9986.6 9463
22200 19208 15047.8 10589.6 8541.8 12007.2
22300 20407.6 13482.2 10152.4 8443.8 9416.2
22400 19288.8 16732.6 13350.8 10729.6 8934
22500 23647 13179.6 9872 9951.2 9658
22600 16581 13324.6 9907.2 10095.2 10256.8
22700 16664 13557.6 9615.4 9143.6 9462.2
22800 17005 15018.6 13734.8 9888.4 9236
22900 18830.2 15115.8 10001.4 9140.8 8919.6
23000 19597.4 13643.4 10807.6 10337 9153.4
23100 21056.2 13719.4 10344.4 12392.2 9136.8
23200 18588.6 13431 10598 8881.8 9536.4
23300 18933.4 14395.8 10405.6 11390 10568.6
23400 18183.6 13610 11155.6 10220.8 9481.8
23500 18257 13895 10348.2 10180.6 9229.2
23600 23213.4 13083.6 12090.2 9096 9374.2
23700 20141.8 13559.8 10240.6 11033.4 9247
23800 20445.4 13202.2 12750.4 11099.6 9651.4
23900 19862 13640.6 12882.8 9274.8 10410.2
24000 21745.4 14397.2 10301.2 9060.2 9736.8
24100 19121.6 13911.2 10625.4 11628 9798.2
24200 19689.6 15132.6 10797.6 9395.2 10018.2
24300 19497.4 15771.6 12538.8 9974.8 9456
24400 21224.4 13420.6 10598.4 9892.6 10457.8
24500 20067.2 13822.4 11134.8 10430.8 11603.6
24600 20774.6 14916.2 10577 10019 13870.4
24700 19960.2 13359.2 10748.8 9323 9865.6
24800 22013.4 15358.8 14366.8 9516.2 10717.8
24900 22460.6 13648.8 10845.4 10189 11598.8
25000 20946.2 13562.8 11273.8 12892.6 11544.2
25100 21435.4 13947.4 10882.4 9428.4 10090.8
25200 20402.4 13891.6 10801 11762.6 10149.4
25300 23547.8 15835.4 10913.2 9574 11034.2
25400 20255.4 17125 12802 9808.6 12385.4
25500 25664.8 19094.4 10991 16234 17928.4
25600 24930.4 15979.2 13726 11904.2 10292.4
25700 20884 16812.6 11619.6 10577.8 11163.6
25800 21863.4 15388.8 14725.4 10165.4 10305.4
25900 20194 14456.6 13401.4 9971.2 14199
26000 20440.6 15231 13008.6 10051.6 10135.8
26100 23104 15630 12021.6 11696 11134.2
26200 21633 14217.2 11312.4 10253.8 10136.2
26300 23190.8 14527.8 14432.6 10490.4 10180.6
26400 20292.2 14178.6 10902.2 11660.8 11473
26500 21112.2 16527.4 12532.2 10078.4 11738
26600 21971 14707 11727.4 10241.4 11108
26700 21656 16049 14132.8 10993.8 12340.8
26800 25924.6 16028.6 10994.6 10835.6 9984.4
26900 22846.4 14721 14413.2 13628.6 15655.2
27000 20872.6 14465.4 11602.6 10615.8 10508.8
27100 20982.2 14822 11673.2 11370.4 10449.2
27200 21386.8 15118.2 12081.2 11463.8 11654.4
27300 22467.6 14876.8 11491.2 10588.4 12203.6
27400 21770.6 14381.2 14054 11034 10629.6
27500 22199.8 14500.2 14379.6 11447.6 10510.4
27600 23443.6 15371.6 13127 11343 11422.8
27700 22868.6 14564 11560.2 10973 10623.2
27800 28714.2 16294 13868.4 11144.2 11112
27900 22318.8 14543 12346.4 12932 11517
28000 21601.6 14538.2 13458.8 10826 10793.4
28100 21099.2 18860 11918 10919 11006.8
28200 23056 19086.4 12868.6 10742.2 10852.2
28300 23598.4 14703 11572.8 11074.6 11978.2
28400 28364 16415.4 13006.4 13445.4 15026
28500 23029.4 15732.6 11806.4 11950.6 15177.4
28600 23234.4 14815.4 14141.4 12218.6 12039.2
28700 24185.4 15615.2 12312.4 12258 11288.6
28800 25594.6 17451 19908.8 11193.2 10968.4
28900 26278 20054.8 13565.8 11920.8 12414.8
29000 22029.6 16576.2 12396 12101.6 11650
29100 23845.6 15026 13055.6 11056.6 11631.6
29200 26728 14902.6 13130.4 11168.6 13749.4
29300 26143.4 14926.2 16553 12722.2 12809.4
29400 24809.2 22040.8 13771.6 19085 19109.8
29500 31022.8 19193 19264.8 11614.2 11681.2
29600 28438.8 20413 19152.4 20746.4 13562.4
29700 29935.8 16320.2 13936.8 11447.2 15916.2
29800 24545.2 15968 16045.8 13222.6 11971.2
29900 28611.4 18137.6 12528.4 13938.8 11557.2
30000 24635.6 19875.8 16889.2 12901.4 12467.4
30100 24220.6 18260.4 14940 13351.6 14023.4
30200 28447.4 18659.2 13543.4 14143.8 12723.6
30300 25453.8 25396.2 15110 15860.6 13050.4
30400 25922.8 17284 15290.4 16485.4 12874
30500 24120 16718.4 13486.2 14361 12301.2
30600 22786.2 17471.2 13555.6 13298.6 16469.6
30700 22447.4 16739.8 15952.2 11721.8 11913.4
30800 23132.4 16358.8 12927 12612.8 13693.4
30900 26137 16180.6 16260.2 12672.4 12368.4
31000 23921.6 17446.8 14410.4 16777.8 12079.8
31100 22769 16773.4 15465.6 12188.4 12941
31200 23126.6 16591.2 14413.4 13833.4 11810.6
31300 23221.8 16340.4 14607.6 12666.8 12559.8
31400 22356.6 16997.2 13048.2 16010.2 12553.8
31500 27042.4 19133.2 13118.6 12893.6 14179
31600 22583.4 17840 13522.2 14918.6 12690.4
31700 22750.4 18244.4 14877.6 13351 12403
31800 23517.8 17473.6 13567.2 13929.6 12320.2
31900 23562.6 17218.4 15716 13417.6 14868.2
32000 24773 18166.8 13127 13276.6 12797
32100 24060 18118.2 14627.6 13007 12974.8
32200 26684.6 15971.4 13382 13129.2 13767
32300 23033.4 16347.4 16531 17415.4 13653.6
32400 27830 19011.6 14366.2 15551.4 14551.2
32500 24709.2 17052.8 14290.4 15086 14502.2
32600 24410.8 16949.8 14156.6 13533.2 12687.6
32700 24725 16766.2 13672.8 13420 14371.8
32800 23910.2 17473 16720.2 13803 13807
32900 25913.6 17206.8 14218 15517 13061.2
33000 23715.4 16328.8 17456.2 17196.6 13100.4
33100 25152.2 18807.8 13570.6 13880.2 14779
33200 27640.6 17249.4 16244.4 15605.4 13222.2
33300 24073.8 16555.2 14630 13550 13201.6
33400 23944.4 18842.4 16889.8 13580.4 14056.6
33500 23863 19756 14403.6 14373.4 14506.2
33600 24327.6 16486.8 16886.2 13333.8 13382.6
33700 25245.2 16584.2 14855.6 13938.4 13148.2
33800 23568.2 16813.4 15904.4 14041.4 15049.2
33900 25354 16978.8 14187.8 17992.6 15837.8
34000 23462 17872.2 16016.2 20159.4 13514.4
34100 23840.2 22712.6 16306.6 14137.2 14554.6
34200 25579 19892.8 14869.8 14994 13856
34300 24213.2 16888 14761.2 14329.2 17243.2
34400 24419.8 16903.4 14790.8 14328.6 15055
34500 24003.8 17653.2 14421.8 16325.6 13551.6
34600 24302 20409.8 20162.8 14688 13623.2
34700 27900 20593.6 14830.2 14688.2 13531.8
34800 25032.4 18292 14433.8 15283.6 13731.4
34900 27012.6 18213.8 15440.2 14212.8 14900.4
35000 24498 19784.6 14483.2 13821.2 16731.2
35100 25127.8 17931.6 15920.2 16331.6 14847
35200 27461.6 17448 15205.2 17156.8 15305.4
35300 25265 19033 15783 18295 17788.8
35400 30308 21861.8 15314.2 17340.6 14620.6
35500 25042.4 20798 16204 14809.2 15836.2
35600 28300.6 19915 15217.4 17495.4 14371.4
35700 29862.4 17542.4 16418.4 15779.4 14562.4
35800 25496.8 22985 22074.6 16952.2 16312.2
35900 24728 19619 14536.6 15296 15675.2
36000 29100 20660.2 15987 15897 19223.4
36100 25673.6 19452.6 14720.6 16487.6 16213.8
36200 24156 19243.4 16757.4 16340 16968.6
36300 26500 19125.8 15917.4 15791.4 15080.2
36400 26347.8 21962.6 15869.8 16237.2 15666.4
36500 24230.6 19823.6 14994.2 14962.2 14444.8
36600 27777.2 19840.8 15834.8 15143.2 15904.8
36700 25708.2 19403.4 14734.2 15230.2 14283.2
36800 24654.8 20783.8 15096.2 16479.2 14866.2
36900 24416.8 20836.8 15100 17658.8 14825.8
37000 31202.8 18591.8 16665 16848.8 16948
37100 30037.6 18186.6 15677 15619 16375.6
37200 25790.4 17458.2 16310 15435.8 14616
37300 24830.6 22201 20439.4 15256.4 16764
37400 25919 19794 15233 15924.4 15501.8
37500 25080.8 18234.8 16418.4 16528.4 17308.8
37600 27350.4 19896 16271.2 16174.6 18337.6
37700 25223.4 22209 15333.6 15100.2 17216.4
37800 31962 19101.6 15659.4 15834 21242.4
37900 33655.8 18440 15501.4 15923.4 15281.4
38000 27211.8 19672.6 16067.6 17921 15283
38100 30576 19464.2 16482 20380.6 15287.8
38200 29845 23419.8 18073.2 21566 17098
38300 27756.8 18349.2 19312.4 17579.8 15917.8
38400 33786.2 19578.4 17917.2 17073.4 19585.8
38500 28595.2 18050 16398.8 18151 16992
38600 30697.4 21445.6 16782.6 16159.4 15048.8
38700 26433.4 26615.4 15884.2 16221.6 18643.2
38800 31199.6 19571.4 16400 15908.2 18005.8
38900 28407.6 18455 16266 19069.2 18232.4
39000 27013.6 18512.2 18712.6 20466.6 17082
39100 27586 24090.6 18557.6 17212.6 15970.8
39200 25766.6 24072.4 15775.4 15754 16214.4
39300 27478.6 19110.6 19037.6 16387 14882.2
39400 26030 20121 16712.2 16375.2 18644
39500 29263 20977.4 18763.4 16870 16487.8
39600 30551.8 19681.4 17061.4 16356.8 16988
39700 26873.2 22791 17748.4 17642.8 17390
39800 26736.2 20880.8 16971.8 16826.8 16218.6
39900 27271 23938 18911.8 21381.8 16646.4
40000 25292.8 24342.6 20360.4 27512 29083.2
40100 26114.4 21264.8 16618.6 18058 21061.2
40200 32832.2 26799 17308.4 16604.6 17247.8
40300 27543.6 20214 17213.2 18264.2 16461.2
40400 25442.8 18810.8 17098.8 17019.4 19796.8
40500 28397.8 19361.2 19596.6 17416.2 16224
40600 28571.4 21556 18167.2 18186.6 18316.6
40700 38755.8 19761.2 17392.8 19333.8 17691.4
40800 26323.6 19072.2 23288.2 21864.2 29547.6
40900 28018 19630.4 17416.4 16858.4 16751.4
41000 29071.4 19429 17291.2 18674 18873.2
41100 26363 22193 17106.4 19498.4 17986
41200 27498.2 19894 16953 17998.2 17766.4
41300 27799 19970.6 20982 16692.6 16512.8
41400 28864 26219.6 18796.8 17329.6 18249.6
41500 29051.4 21172.6 21848 16905.4 19905.8
41600 33911.6 26617.4 19708 16743 17212.8
41700 31847.8 20962 18269.2 18645 19937.4
41800 31386.4 21145.6 20352.8 16707.6 27404.6
41900 28605.6 21621 18534.2 17636.4 16986.6
42000 29040.4 22610.8 18294.6 19543.6 18465
42100 30297.8 23617 20596.4 17981.6 17145.8
42200 31602.6 22512.2 17904.8 17919 18472.6
42300 29394.2 23661.4 19260.8 19369.4 20751.6
42400 29815.8 23225.2 19386.6 18269.2 17722.2
42500 35798.4 26105.2 21298.6 17615.2 17412
42600 30630 24531.2 19736 18018.2 18760.2
42700 30902.8 23907.2 26393.8 17745.8 17703
42800 29708.6 27605 25068 17750.2 21103.2
42900 31319 28065.4 20861 17669.6 18994.2
43000 32078.4 25236.6 21105 22625.4 17888.8
43100 30675.6 23996.4 22827.4 18456 20519.4
43200 32707.2 26062.8 22405.4 17423.2 20089.8
43300 31292.4 26682.8 21324.4 17738.6 20526.2
43400 32264.2 29207.8 20698.2 18259.2 23592.2
43500 31890.4 25069.8 20802.2 18865.4 19101.4
43600 31843 28635.6 20619.4 19295.2 18311.4
43700 34426.2 24960.2 20187.4 20931.2 18403.4
43800 34232.2 30743.2 21205.2 18788.6 20989.6
43900 35446.6 26587.4 22952.2 18681.6 23716.6
44000 32298 27682.6 24399.2 20042.8 18581.4
44100 32821.8 29922.8 21736.4 20001.8 18008.2
44200 33979.8 28350.8 21589.6 18376.6 21497.6
44300 33316.8 28557.8 20999.4 20130.6 21134.4
44400 34168.2 28203.6 20398 20290.8 21012.8
44500 33480.6 28266.2 32269.4 19475.4 19578.8
44600 34001.6 30570.2 21157.2 18741.8 18332.8
44700 34148.4 27246.6 20880.6 19837.6 18921.6
44800 40926.6 32369.2 20160.6 26405.6 19082.2
44900 35337.8 27828.8 20771.4 18848 19758.6
45000 35615.4 30172.4 20986.6 18620.6 19669.4
45100 35435 29381.8 24121.6 19179.4 19021
45200 34921.4 33346.4 24955 23019 21514.6
45300 43876.2 45659.6 26922.4 26767.4 26830
45400 38008.4 32804.4 21341.2 33286 19778.6
45500 49175 30335.4 27255.8 31609.6 23915.8
45600 39885 32821.6 24076.8 22286 18994.6
45700 53077.8 28728.6 22755.2 19133.8 21838.8
45800 39845.2 30333.6 27319.4 18982.6 19730.6
45900 50190.8 33423.2 27294.6 18875.6 21862.4
46000 44329.6 32429.4 23456 18680.2 24804.6
46100 35938.8 30597.4 20919.6 21909.8 22962.2
46200 38830.8 28024.4 21171.4 22476.4 24937.2
46300 38314.4 34144.2 22232 22000.8 20085
46400 40752.6 32128.6 21425.6 19341.4 21790
46500 37692.8 29944.2 20940.8 24596.6 19338.8
46600 38982.8 29784.6 23359.8 19909.2 27539.8
46700 43514.4 29665 22407.6 20175.2 19890.2
46800 46540.6 29113.2 30022.2 21709 26598.6
46900 50730 40985.8 27058.4 28909.6 22536.2
47000 43213.4 30610.2 31725.6 24409.2 23198.6
47100 43626.4 27584 22201.4 23409 19814.6
47200 47582.4 28304.6 24687.6 20224.8 19835.4
47300 38260.6 29911.4 24852.6 21777.4 23699.4
47400 38764 30827 28565.2 27214.4 23570.2
47500 46743.6 28261.2 26166.2 21346 21156.6
47600 46221.6 36408.2 23525.8 22989.6 21867.8
47700 41899.2 28240.6 26148.6 21209.6 20601
47800 46148.4 33420.8 22929.8 31139.6 23211.4
47900 43740.6 31407 28043 19824.2 25551.4
48000 44407.8 32358.4 24881.2 24591.2 22076.4
48100 42945 28975 24106.4 21390.8 20861.4
48200 43826.8 29459.8 28287 21474.2 25248
48300 44511.2 31417.4 25286.8 21005.2 24934.8
48400 41284.6 36043 22504.8 26549.8 21002
48500 46260.4 29602.6 28617.2 20456 20662.6
48600 47881.6 30989.8 23239.2 19901.4 19572.8
48700 40910 33200.6 25663.8 20449.4 22476.4
48800 57811 34084.2 22399 22168.8 24870.2
48900 43407.8 28502.4 22007 25763.2 24859.8
49000 56624.6 27897.2 22804 23041.8 27070.4
49100 46971 41523 24202.8 20389.6 23579.6
49200 46538.8 29227.8 24834.8 21388.8 22508
49300 45606.2 34016.8 25691.8 23690.2 21466.2
49400 54230.6 30134.2 25217.8 21921.2 22674.8
49500 45546 34800.2 22958.6 23987.6 29450.4
49600 46986.4 30623.6 23375.8 27153.4 22091.6
49700 44719.8 32402.2 26943.2 21376.8 20970.2
49800 44757.6 29853 22724 22276 23082
49900 44866 29368 24202.8 23410.8 22266.6
50000 44011.6 32563.4 25324.8 20548.6 27964.6
50100 49412.6 28686 28999.4 21927.8 23684
50200 44469.2 30400.2 22765.4 26790.8 26736.6
50300 46670.8 29605 24869.6 23204 21758.8
50400 51768.4 31923.6 24299.8 22651.2 27601
50500 46478.2 34379.8 23138.6 21549.2 25055.8
50600 43191 36567.4 23434.8 23099.6 22957.6
50700 47648.8 30756.8 23420.4 23081.2 25543.4
50800 46822.8 34568 22844.8 26309.4 23609.6
50900 48838.6 31975.8 28341.2 23464 22750.8
51000 45699.2 29781 23113.8 24659.6 24438.6
51100 53450.6 34459.2 31499 21342.4 23364.2
51200 44249 30833.8 26476.2 22141.8 24320.4
51300 53874.2 28580.4 23492 20528.2 21781.6
51400 54031.4 29810 29169.2 22156.2 22014
51500 47340.8 35599.8 27618.8 21086.4 21909.2
51600 48538.6 34012.8 24209.2 27841.4 23103
51700 43295.4 33233 27476.2 23243.4 25983.8
51800 46393 32943 24898.6 21169.4 27838.4
51900 45153 31419.6 33626.4 30741.8 21830.8
52000 48039 39349.2 24367.8 23204.8 22470.4
52100 49815.6 31546.6 24394.8 28423.4 22107.8
52200 48409.2 29300.6 35186.2 23757.2 22427.2
52300 64917 35148.6 33768.2 26106.8 24665.2
52400 47042 32053.2 24869.2 26849.6 23318.2
52500 44682.4 30695 26969 25625.6 24070
52600 57443.6 42005 27181.8 31453.2 23007.6
52700 47102.6 41754.8 26470.2 22238.2 23742.6
52800 52861.8 38451.2 23922 22549.6 26278.6
52900 44088.6 33309.8 25167.4 23272.2 21605.8
53000 43064.4 39408.6 27648.4 22535.4 25345.4
53100 49269.4 32658.6 26728 22779 21216.6
53200 51704.6 33901.6 27382.2 22676.6 23211.2
53300 47971.2 31620.8 25019.4 24296.2 22292.2
53400 48462 33679 26475.8 24218.4 27308
53500 44522.6 31387 25557.6 26905.4 22832.4
53600 52999.8 37160.8 27585.4 27176.4 23512
53700 46066.4 39255 29244.2 24903 22912.4
53800 46406.6 33273.2 27378.4 25254.8 24586.6
53900 46699.8 37534 27844 27309 24498.8
54000 55191 33324.8 28603.2 26152.6 22576.2
54100 51318.6 31229.4 25265.8 24392.4 24371.6
54200 50590.8 30400 30257.8 23374.4 24172
54300 44375.8 33783 26758.4 22895 24528.2
54400 50160.8 39388.4 28334.8 24966.2 26412
54500 51827.2 34496 27322.8 27070.8 27335.2
54600 57149.8 30647.2 28809.8 24826.6 24985.4
54700 46739.8 32943.4 26883.8 22617.4 24410.8
54800 51178 33694.2 24218.4 22472 26059.4
54900 50288 40674.2 31669.8 25697.4 22934
55000 54048.2 31793 29045.8 24874.8 27397
55100 45781.2 35694 29310 25164.4 31695.2
55200 47702.6 31239 25096.6 23932 26680.2
55300 50207.6 31776.6 26508.4 29299.2 23253.2
55400 49921.4 32849.4 28572.4 24054.6 25704
55500 48216.8 32356 31702.6 27031 23375.6
55600 50015 36820.6 25348.6 24868.2 24104.8
55700 44961.4 31394.8 25391.4 25626 22620.4
55800 47424.8 37085.2 24938 28522.6 24438.2
55900 56901.8 30656.4 25392.2 23691.6 24828.8
56000 46277 32023.4 27688.4 35694.2 25417.8
56100 48036.6 33529.4 25795.6 23360.6 22887.2
56200 53155.8 30041.6 27215.2 24840.4 26896
56300 53919.2 35290 25296 24115.8 24466.2
56400 45202 30876.6 26004 26349.6 24257.4
56500 46092.6 31305.8 25244 22899.8 23201.6
56600 44128 32194.2 25897.6 24436.2 23157
56700 51653.2 31764.4 27121.6 25292 27565
56800 48104.8 31200 29368.2 22969.8 23276.4
56900 44533 31430 38285.8 28112.2 29803
57000 45775.6 32213.6 25141.4 28058.8 27215
57100 46640 31947.6 26107 24839.8 26482.8
57200 51027 32863.8 27584.6 26260.4 24230.4
57300 46992.2 43334 30701.8 29867.4 37618.2
57400 60165 43275.6 37778.4 27112.4 32461.4
57500 47807.4 40136.8 26829.4 28116.4 28097.2
57600 46219.6 32706.4 27262.6 25242.2 27977.2
57700 45822.2 35083.2 26666 26410.8 24995.6
57800 50581 36241.2 31048 27954.8 31124.8
57900 49943 33207.4 27616 29435 32148.8
58000 53948.4 38171.8 27134.2 31584 27945.4
58100 46959.8 33262.4 27484.4 23781.2 29154.6
58200 53138 36041.8 37674 29277.2 24311.6
58300 46976.6 33788.8 29645.4 24514.6 23849.4
58400 50116.2 34046.8 29303.2 24992.8 25283.2
58500 51725 32792.2 34601.4 27684 27035.8
58600 39968.2 27306.4 22959.8 20425.6 25112
58700 49646.8 34024.4 30003 24585.2 28993
58800 51234.6 36212.4 28560.2 31070 29960.8
58900 56922.6 32568.8 28011 24394.8 28153.8
59000 54362.4 40367.4 30273 27845 27751.4
59100 50511.8 41339.8 33563.2 29626.4 26305.6
59200 58504.4 33429.2 28586.2 27504.4 25450.4
59300 63201.6 42696.4 30772.2 24893.8 28460.6
59400 62493.4 54450 30863.8 31390.8 26133.8
59500 75914 37690 34764.2 31472.8 40687.4
59600 65464.8 37332 30357.2 36517.8 35246
59700 50898.4 41016.4 29738.6 25408.6 29602.8
59800 49066.2 35537.4 28587.2 27270.2 26114.6
59900 55970 32045.4 26706.6 26618.4 29213.4
60000 47471.6 33258.2 33249.6 31621.6 28782.4
60100 51559.4 36106 30434 31987.4 27827.8
60200 49924.2 35093.6 30310 28054 24548.8
60300 52496.4 38600.4 28424.8 26165.2 26193.8
60400 50150.6 36103.2 31773.8 25410 28022.2
60500 47157.4 33491.6 27192.6 28479.8 28119.2
60600 52427.6 41535.8 26802.2 25693 27439.8
60700 47575.4 33141.4 29858.8 28267.6 34459.6
60800 59699 33359.6 34039.2 26309.8 30696.8
60900 59948.8 36051.6 39793.2 31550.8 24987.2
61000 51277 37132.6 28368.2 34908.8 32896.4
61100 51269.4 33800.2 29206 27340 26905.6
61200 46890.6 32537.8 30130.2 29323.2 25726.4
61300 62609.2 34355.2 38084.6 29987.8 26812.4
61400 51749.2 35953.2 27288.2 28556 26392
61500 48285.4 33729.4 28039.4 27485.8 26944.4
61600 48067.6 35981.2 27994.4 27193.4 31679.8
61700 50300.4 38126 27215 27626.8 28091.4
61800 56491 41965.6 27303.6 31255.6 27494.6
61900 54159.8 41914.2 37922.2 35754.8 32899.8
62000 56585.2 33003.4 32517.4 35880.6 28665
62100 46234.2 38855.8 27875.6 30008.8 28703.6
62200 50915.4 34889.8 28665.4 31109.4 26065
62300 46556.8 39183.8 27707.6 29458.4 33441.2
62400 50164 36413.8 31775 27334.4 28415
62500 50179.8 36728 33798.2 27768.6 30523
62600 48436.2 33546.2 27775.8 29483.2 25458
62700 50895.4 35152 28426.4 28680 25173.4
62800 49145.8 36249.2 31707.8 27184.4 31836.6
62900 51110.4 35273.8 31088.2 28658.4 27197.8
63000 48949.6 39886.6 28374.6 28975.6 27910
63100 56603.8 33718.6 31002.8 31513.8 31695.6
63200 50240.8 41453.8 27694.8 31755 25858.6
63300 52143.4 33718 29103 29552 26628
63400 49214.8 33649.8 38604.2 31462.2 29035.4
63500 54862.8 45739 29074.4 27973.2 28615.6
63600 49407.8 33409.2 28016.4 28554.8 26651.4
63700 48410.6 34487.4 28331.8 34863.2 26472.4
63800 50459.6 50298.6 27951.8 31840.4 27550.4
63900 53427.4 36587 29553.4 28464.2 29313.8
64000 49416.8 40712 34812 30142.6 26581.8
64100 50903 35302.2 31125.6 31231 27106.6
64200 53133 38783.4 31960.6 30145.8 30764.2
64300 59175.4 34263 32369.4 29876.2 29154.6
64400 59381.4 34716.4 32172.2 35471.2 35975.4
64500 59160 45712.8 39430.4 35064 36077.4
64600 54884 37545.8 31539.6 38324 35025.4
64700 47917 37218.6 33987.4 31222.8 27112.8
64800 54661.6 39495 31493.4 37192.4 27986
64900 53758 34008.2 30128.2 33591.2 27175.6
65000 55849.6 45908.2 30854.6 33071.6 27509.2
65100 56028.8 41024.4 30203.8 35814.4 28228
65200 48025.6 48251.4 29169.8 40226.8 38061.2
65300 51192 39621.6 35637.4 37778.6 29661
65400 52827.8 35115.4 35404.4 31090.2 31983.2
65500 49282.2 38195.4 32926 31297.2 27354.2
65600 49459.2 39694.4 31250 38512.8 29971.2
65700 59947.8 44156.8 30542.2 32643 29112.2
65800 53337.6 38980.6 33784.4 32591.2 27570
65900 57923 39781.2 30758.4 30161.4 30700.2
66000 51766 39993.4 28955.8 37228.8 28454
66100 51015 37485.6 31767 34690.6 34001.2
66200 55508.6 39515.6 34593.2 28915.2 29788.4
66300 61338.8 42479.8 38855.8 35552.6 32139.4
66400 54903.2 40710.8 29614.8 30937.2 29880.2
66500 50837.6 34929.8 31359.8 31494 32031.8
66600 51923.8 42820.6 31474.6 30072 40082.2
66700 52928.4 40283.4 31882.4 37170.2 31593.6
66800 60370.4 40628.8 32039.6 31518 44827.4
66900 59383.8 39022 42416.6 33427.2 35152
67000 63342.4 45278.2 32352 34287.2 32714.4
67100 52815.4 45350.6 33219.4 33752.6 31165
67200 54123.6 35463.4 32478.2 30827.2 28047.4
67300 63475.2 36780.4 33508.8 30380.2 32193
67400 56797 38039.4 33434.4 31622.2 32177.8
67500 48963.2 41589 34536.4 37600.2 29214.2
67600 54857.4 42828.2 31521.4 42775.2 30122.8
67700 53527.6 34754 29582.2 30046 29968
67800 54980.8 35956.8 39060.6 33393.4 28515.4
67900 51300 37440 29646.8 32570.8 35410.8
68000 59180.6 37168.6 34382.8 35553.2 31477.2
68100 50182.8 36147.2 30310.8 32043.2 29063.6
68200 53559.2 38824.2 32633.4 30441.8 29772.8
68300 50521.8 45458 34609 30812.4 28378
68400 49843.6 38462 32219 31898.6 36534.8
68500 58278.8 38330.2 31590.6 31635.4 28753.6
68600 55771.6 35233.8 31945.4 31054.4 32510
68700 59403.8 40259.4 34693.2 35843 29520.6
68800 52373.2 46647.2 29958.4 31601.6 33694.6
68900 54769.8 36709.2 32985 30404.2 29833.4
69000 55595.4 38808 33504.8 33670.8 30775
69100 52857.6 37593.2 32804.8 29831 30228.4
69200 57401 38183.2 33181.8 31756 30326
69300 54981 35038.8 35659.2 29635 31021.6
69400 49634.2 35497.2 33241.6 34934.2 34288.8
69500 51980.2 38678.6 31454 32515.2 32390.4
69600 56902.2 37967.4 30629 33279 35611.2
69700 50207.6 40663.8 31319 38669.6 29651.8
69800 64719 46948.2 31320.2 32513.8 34429.4
69900 49998.4 35538 33376.8 37047.8 29445
70000 51070.2 41351.2 32728.2 30268.4 32319.4
70100 56626.4 38596 32667.8 32575.2 35510
70200 55268.4 40531.8 31619 30822 32239.6
70300 56951.2 37750 31096.4 33194 29137.4
70400 53486.2 36198.6 30918.4 32913.2 32217
70500 53810 38020.2 32407.2 34480.8 31291.4
70600 53414.2 39418.6 35650.4 32116.2 30463.8
70700 52683.6 37619.8 30636.2 33038 30122.6
70800 60965.4 36392.6 39028.6 32390.6 29902.2
70900 52670 38809 33447.2 34838 32291.2
71000 54755.6 38702.6 34744.8 32980.6 34004.4
71100 52962.2 38840.8 34313.4 32459.6 32184.4
71200 53663.2 37778.2 34870.6 34255.8 30028
71300 53551 39663.2 34346.2 33095.8 33773
71400 50035.2 42092 35795.4 31422.8 36505.6
71500 59042.8 39176.2 45748.2 31089.2 34874.6
71600 50985.2 39418.8 30816.6 35254.8 35023.4
71700 58634.2 41963 37804.4 33129.6 30624
71800 64118.8 39937 34679.8 32928.6 31321.6
71900 58934.6 45736.2 37258.6 31125.8 36277
72000 53343.2 39147.6 33107.6 31526.2 30291.6
72100 53871.2 38865.6 35498.6 35587 31610.6
72200 52866.6 36611.8 33413.4 31869.4 33401
72300 61438.2 41750.4 35186 36671.8 30834.6
72400 52965.2 38197.8 34790.2 32300.2 31608.6
72500 54132.4 40443.8 32760 34343 31652
72600 50673.2 37210.2 32011.2 32493.4 35325.6
72700 59794.8 37690.8 32137.2 32458.6 35011.2
72800 53727.6 39814.4 40080 35715.4 34041
72900 53486.6 38761.4 33925.4 33497.4 30867.8
73000 51804 41797.6 31931 42169.6 32163.6
73100 58611.8 44586.2 38411.6 35100 35036.4
73200 55605.4 46501.4 39036.2 36930.4 32068.2
73300 56781.8 37833.6 32382.8 32710.4 38012.8
73400 56057.2 36916.2 31677 37466.8 34768.6
73500 51793.6 43927.6 34060 42730.4 41082.8
73600 51739.2 45470.8 33549 40932.8 33405
73700 61565.6 56316.6 38210.8 41536.4 39014
73800 57463.2 48983 45128.8 40065.6 42065.2
73900 56838.6 47882 35240.4 39249.2 36257.2
74000 62928 40488.4 40292 35951.8 33897
74100 65048.6 67560 43662.6 48303.8 42894.6
74200 91994.8 62682.4 45000 36614.8 47286.6
74300 74466.8 53011.2 43713.2 42922.2 54180.4
74400 63003.8 56937 36445.6 38685.6 43497.6
74500 66187.4 46544.4 39217 40985.6 39264.6
74600 77563.6 51863.6 42930.8 42722.6 50987
74700 73361.8 63480 53265.4 43349.2 47755.8
74800 79471.6 52166 48001.2 44135.6 48771
74900 86884.2 52350.2 49099.8 52905 60080
75000 78745.8 48242.6 48673.8 43554.4 43759.2
75100 66618.6 44001.2 42858.6 48202.2 40461.2
75200 66036.6 46304.8 42074.2 42709 37976.6
75300 76203.2 46406.4 42223.4 35437.2 35089.6
75400 62792.8 45255.6 36463 52091.6 43084.4
75500 54003 39128 32641.6 37182.4 34949.2
75600 52003.2 51273 36154.4 33925.6 33173.8
75700 66808.4 39058 33291.2 34217.8 5.82012e+07
75800 41689.2 31348 27092.2 27887.4 28865
75900 58612.6 39583 42505.8 37768.8 35150.4
76000 55826.6 39559 36682.4 39482.6 37293.6
76100 54491.2 42093.2 35124.8 38664.4 34321.4
76200 54470.6 39322.4 35533.6 37953.4 33729.6
76300 56279 38392 38513.2 37632.6 37003.4
76400 58567 41674.4 35007.4 34607.4 35205.6
76500 55534.2 48506.8 33660 34000.4 38474.8
76600 60906.8 52142 44253.4 34077.8 33359.8
76700 58532.4 39284.6 35690.2 33677.4 32842.8
76800 52725.2 39237.8 38447.4 35109.8 35790.8
76900 46287 34420.4 29463.6 27268.8 28792.6
77000 59805.8 37462.6 36901.2 38972.4 42494
77100 63820 47779.8 40139.6 40521.4 43134.6
77200 58882.6 40971.2 36828.4 38834.2 36252.6
77300 66917.4 48314.6 47591.2 40558.4 42793.2
77400 58155.4 46169.8 46384.4 37553.8 34521.2
77500 63429 49949 34692.4 35642.4 33564.8
77600 59591.8 42437.4 36045.6 37054.8 36008.2
77700 57933.8 45027.4 39059.2 41683.2 42052
77800 57213.6 41530.2 37749 33970.8 36798.2
77900 56928.8 46904.8 46076.2 34849.6 40261.8
78000 57857.6 49213.6 37081.4 42605.6 33311.8
78100 58237.6 47167.6 35921.4 39504.4 34017
78200 58028.6 53752.6 35585.2 36748.6 32839.4
78300 56538.6 39241.4 34734.4 35215.4 34227.6
78400 55832.2 41112.2 37991.6 42916.2 38006
78500 63123.4 46189.2 39280.4 37471 36422.4
78600 53603.8 45225.4 35331.4 35222.2 41675.2
78700 61992.4 44261.8 34519.6 40466.8 40333.2
78800 63328.2 38746.2 38848.2 38418.8 37697.4
78900 58280.6 48605.4 39386.4 43326.6 46565.4
79000 45478 34709.4 42516.2 42419.6 33730.4
79100 68057.2 39138.8 39183.2 42711.4 45911.4
79200 54903.4 56387.4 40187.8 43534 40550.6
79300 63064.2 49894 41537.6 38447 38389
79400 68440.2 50168.4 37582.2 34579.6 37011.2
79500 64231.8 53851.4 35963.2 44158.6 35303.2
79600 70440.6 42786 40776.2 37126.6 40328.4
79700 55329.4 45653 42487.8 39871.6 38878
79800 60758.2 49646.6 40522.6 39706.4 34497.4
79900 55604.2 42334.4 44174.2 37084.6 40395
80000 62980 45584.4 40277.6 36837 37414.8
80100 61807 45800.4 38543.2 34603.6 36118.6
80200 59860 42735 39615.2 39039.6 37076.4
80300 58585 39513.4 35458 42827.8 38309.4
80400 57199.2 42882.4 36110.6 40064.2 34620.2
80500 53704.2 44416.4 39881.8 34917.4 43884
80600 64593 42471.2 34853.6 37565.6 36580
80700 58246.8 44120.4 37215.2 35881.8 36942
80800 56072.2 41900.8 36907.2 40025.6 39188.4
80900 61684.2 39975.4 36061.4 37291.2 37374
81000 56192.8 41073.8 38371.4 37899.8 35511.6
81100 54995 39565.6 35439.2 35790.6 35010.8
81200 57536.4 41194.8 38339.6 35740.2 40732.6
81300 60948 44129.6 40603 35142.2 39513
81400 56499 42091.8 40152.6 36046.6 35461
81500 57273.8 42651.6 36770.6 47161.6 39347.4
81600 55555.2 44590.6 35851.8 39529 36170.8
81700 56654 44007.2 36743 39146.2 36300.4
81800 60732.6 42714.2 35179.2 36127.2 41300.6
81900 57404.4 43012 37131.8 36577.4 35136.8
82000 56402.4 42240.6 36347 37050.4 35598.6
82100 64058.6 47268.4 44790 36049.2 39459.6
82200 55396.2 41487 39328.8 38442.8 37917.4
82300 54981.2 42457.2 42447.4 47294 35856.2
82400 57024.2 54669.2 32299.2 31990.6 32511.4
82500 59635 42455.2 36501.2 40166 39830.4
82600 70054.6 45399.2 40961.6 39355.2 41287.4
82700 64015 47527.8 50927.6 39877.4 35408.8
82800 64577.8 50365.6 43221.2 36413.4 39082.6
82900 63539 46289.6 38887.6 49311.2 42348.8
83000 73173 51349.4 42705.2 39135.8 42490.4
83100 68392.8 42741 40615.6 36924.2 35949.6
83200 62200.4 49597.2 45169.8 37915.8 44270.8
83300 67212.4 54201.2 46800 36564 38014.4
83400 70921.8 48130.4 48351.8 46551.4 41090.4
83500 66506 52668.6 38680.4 43675.8 36149.8
83600 65671.2 48052.4 43639 37088.4 39323.6
83700 62641 51892.4 40893 38402 39407.2
83800 63084.6 51340 39842 44897.4 52196.6
83900 62231.8 50754.2 43011.4 37827.8 38202.2
84000 71698.8 45320.8 38656.2 42621.8 48155
84100 64144.2 57343.6 48323 40582.4 45213.2
84200 73977.4 48970.2 39795.4 42947.8 37807.2
84300 63111.6 46610.8 44159 38951 48866.4
84400 61292.2 47570 40975 39404.4 40303.6
84500 68431.8 52184.4 39814.2 36322.4 39374
84600 71431 52484.6 41966.8 45430.8 40299.8
84700 61702.8 48222.4 46005.6 39887.2 37412.4
84800 72399.8 52028 50261 40965.2 39702.8
84900 70164.8 54701.4 44086.6 40800.2 42135.4
85000 73168 52922.8 42574.6 38351.2 39637.4
85100 61397.8 49697.6 44059.2 36515 39033.8
85200 79776.4 40338 34930.2 32224.6 48440
85300 61735 49945.8 43935.6 44099.8 37994.2
85400 68269.4 53296.4 43318.4 40249.8 40330
85500 66391.6 48285.6 42214.2 39648 37372.4
85600 70604.4 53011.4 54775.8 38215.2 36772
85700 67139.6 49691.8 44798.8 39051.4 39220
85800 74023.4 49424.6 44565.6 37267.8 38438
85900 64095.2 54602.6 47506.2 40134.2 38787.6
86000 67895.6 51692.2 45466.4 39861.2 37943.2
86100 64870 51048 46959.6 38848.4 41644.8
86200 66150.6 52329.2 43842.2 41279 41866.6
86300 65867.8 53477.4 45404.4 43762.6 43185.8
86400 69558.8 57874.6 45798 38947.8 40092.2
86500 67229.2 56481.6 46226.4 42266.2 37568.2
86600 71179.2 51145.4 44586 39050.2 44000.8
86700 67142.2 52272.2 49998.8 37370 42713
86800 70230.8 55207.6 49561.8 38780.8 39009.8
86900 66734.8 53130.8 42485.8 37013.4 37585.2
87000 58477.6 48578.6 39255 35059.8 33998
87100 56090.4 45471.4 36536.4 34566.2 34197.2
87200 59006 46374.8 38006.2 34754.2 33642.4
87300 59671.6 46560.2 37437.6 34508.4 33998.8
87400 57996.4 46666.4 38386.6 35011.8 34696.4
87500 62792.8 48788.4 38977.6 36273 35086.6
87600 60378 49289.4 37870.8 34998.2 34836
87700 62829.4 49757.6 41156.4 35532.6 34516.2
87800 61121.6 48254.2 39044.6 33777 33915.2
87900 60612.4 50073.8 41582 35110.2 34962
88000 60945.2 51331.4 40734 35390.6 35033.8
88100 61586.6 50471.8 41605.8 36006.6 36436.2
88200 64428 53080.4 40986.8 35794.2 36077.2
88300 62620.6 50702.2 41083.6 35340.2 36190.8
88400 61583.8 50796.8 41504.4 36243.6 37557
88500 64440.8 51403.4 40316.2 34489.8 35221.6
88600 63902 52949.2 41114.8 37498.4 37938.2
88700 63983.6 51418.6 40512.4 35731.8 36893.8
88800 65988.2 52871.6 42938.8 37788.8 37831.6
88900 63643.8 49964.4 39674.4 36505.2 37068.6
89000 65679.8 52253.6 39845.4 36465.2 35291
89100 66266 52652.6 41460.2 37685.6 37919.4
89200 66366 52588.6 40471.8 35676.8 36531
89300 63810.2 53089.6 41799.8 37466 37908.4
89400 62238.6 52806.4 40678.2 36881.4 36041
89500 65091.8 52278.8 43006.8 40211 36650
89600 65675.2 53188.6 39760.4 35908.6 36707.2
89700 65735 52848.6 40555.6 36346.2 37140.2
89800 64663.8 55095.4 41690.8 36303.6 35111.8
89900 64288.4 54013.8 40319.8 36499.4 36997
90000 66530.4 55070.8 42067.6 37448.8 37821.6
90100 68715 51660.6 40312.8 36895.6 37704.4
90200 68313 55347.2 40444.6 37226.8 37911.2
90300 66492.6 53438.8 41295.4 35847.4 37930.6
90400 64613.2 54501.8 41949 36185.8 38436.6
90500 67192.4 55203.4 41182.6 37022.4 38558.2
90600 65596 51648.2 42725.8 38179.4 37555
90700 67409.8 54056.8 41860.6 37375.2 36585.2
90800 67116 53622.6 41756.8 38666.8 39469.4
90900 68694.8 53684.4 40501.6 38213.4 35242.4
91000 68332.8 55239.8 43020.4 37987.8 38042
91100 68044 55679.2 40948.2 38394.2 38197.6
91200 69956.2 54915.2 42180.6 37824.4 39211
91300 68948.2 58037.8 43634.4 36285.6 38176.2
91400 70169.4 53098.4 40955.8 37742 37170.4
91500 68579.4 54895 42972.2 38365.8 38342.4
91600 70774 55966.4 41441.4 36428.8 38020.6
91700 69068.6 54985 40657 38271.8 39045.6
91800 70709.8 55108.6 42699.6 40353.6 38050.2
91900 69140.6 55390.6 41835.6 37537.4 39655
92000 71832.6 54756.6 43859 37868.2 39001.2
92100 71520.2 54537.6 42400.6 37235.4 39290.2
92200 71041.2 54042.6 42813.6 38670.4 39447.8
92300 71340 55258 42677.8 38866.6 39477.2
92400 70858.2 53088 42470.8 38663.4 39579.4
92500 69652.4 54962.4 42640.8 37480.2 38123.2
92600 68722 56365.4 43627.2 38044.4 37339.2
92700 72740.4 53102.6 42071.4 37839.4 38442.2
92800 70593.8 53163.4 44270.4 46100 47752
92900 72888 56539.8 47665.8 41512 41625
93000 74926.8 55648.2 47388.2 40239.4 39506.6
93100 72146.4 55810 43833.6 38897.8 38186.8
93200 72376.4 54608.4 45704.8 38872.2 39558.2
93300 79243.4 80584.4 53823 54627.8 56670
93400 74071 54164.6 44131.8 38186 40052.2
93500 72409.4 52355.4 40598.6 36983 38920.6
93600 72144.6 54245.2 43162.6 40025.8 38716.6
93700 73088.8 53036.8 42955 38587.6 37469.8
93800 80332.6 57344.2 43707.4 39257.8 38005
93900 74260.6 53921.8 41240 36664.8 39275.8
94000 72204.6 54954 41551.4 38533 39996.8
94100 70620.4 54677.6 42024.2 37262.8 38662
94200 73622.8 54450.6 43005.4 39383.2 38875
94300 75226.4 55698.2 43254 38755.2 39226.6
94400 73761 55666.6 43033.8 38875 40974.6
94500 75884 55134 44234.4 40921.8 41402.8
94600 80207.2 56765.4 44947 40118.8 40239.6
94700 78882.8 56324 44551.4 38388.6 40344.6
94800 77334.6 56281.4 45123.8 40090.2 40004.4
94900 76698.8 57019.2 44021.8 38403.6 41414.8
95000 79195 56492.6 44212.6 40683.2 39307.8
95100 78521.8 57691.8 45241.6 38763.6 41817.8
95200 75256.6 54842 43786.2 40076.6 39935.2
95300 75493.6 58318.8 47468.2 40314.8 41230.6
95400 77451.6 54934 43224.6 39223.2 39385
95500 77945.8 67213 58327.4 52279.8 45217.6
95600 87825.8 65505 42665.6 39639 47128
95700 84531.2 66861.6 51365.2 44629.2 53231.4
95800 89220.8 67716.6 52047 44013 43784
95900 78760.4 54765.6 40402.6 37052.2 39019.2
96000 72462.2 53105.2 44398 38367.8 41223
96100 73544.6 53318.6 42718 38905 38272.4
96200 73110.6 53152 45072.8 38571.6 40392.4
96300 77095.8 56334.2 44576 38653.6 39363.4
96400 76601.6 53856.8 43866 37396.8 39094
96500 72436.8 51737.8 42112.6 40703.6 39901
96600 75557.2 53785.8 43913 39967 41288
96700 77920.4 54558 45070 38802.8 39925
96800 75351 53753.8 41907 38723.2 40871.4
96900 75301.4 51593.2 44731.4 41291.6 40224
97000 77942.2 54123.4 42960 38045.6 41852
97100 79649 53771 45109.4 40743.2 41193.2
97200 76893.4 52591.4 43720.8 37691 40381.8
97300 76579 54262 44323.8 40650.8 42052.4
97400 75095.4 53501.4 42945.4 39673.8 39838
97500 79278 53231.4 45322.6 41433 42154.6
97600 76362 51832.8 43659 38502.6 40207
97700 79946.4 53143.4 45309.8 40987.2 42760.8
97800 76104.6 54849.6 44155.4 41694.6 39920.6
97900 75717.4 55841.8 43919.4 38216.2 41299
98000 81293 55719.2 44003.6 38814.8 40285.2
98100 78135.4 55669 44154.2 38697.2 40539.8
98200 77610 54559.8 44088.4 39376.2 40128.2
98300 78585.2 55787.2 43150.8 41566.2 41989.2
98400 80452.2 55402 44276.8 39547.6 41117
98500 81833.6 53775.4 45806.4 39661.4 41356.8
98600 77875.2 53813.4 43894.6 39123.8 40928.6
98700 83155.2 55586.2 44332.2 38865 43248.2
98800 84467.6 56945.2 42789.4 38929 40549.8
98900 79610.4 52775 46154.2 42832.2 43379
99000 82794.6 53996.4 43642.6 39663.8 40665.2
99100 79704.6 54232.4 44288 41654.2 43274.4
99200 81522.6 52539.8 46315.8 39738.4 41554.6
99300 80040.4 57126 44096 40145.4 43006.2
99400 84000.8 56628 44902.8 42864.4 43342.2
99500 82069.2 55343.4 43161.6 41421.2 43931.4
99600 80023.4 55745 45864.8 38657.8 41201.8
99700 78800.2 53332.4 44455.6 41748 43766
99800 81445.6 56856 43693 40159 42682
99900 76764.4 54645.4 44489.4 42504.6 42355.8
100000 82641.4 54672 44214.8 39500.8 41030
