500 201.2 120.2 88.2 83.8 88.2
600 209.4 127.8 106.6 101.6 121
700 319.8 215.8 190.4 127 171.6
800 384.6 236.6 162 140.6 348.2
900 481.8 254.4 183.4 198 202.8
1000 522.4 306.8 217.2 176.2 232.6
1100 427.8 284.8 204.6 230.2 230.2
1200 466.2 292.2 236.4 215.4 262.6
1300 861.2 337.2 372.6 258 301
1400 686.2 579.6 323.2 353.8 385.6
1500 1087.6 588.2 342.6 374.4 511.8
1600 1184.4 646 401.2 476.4 529.4
1700 1211.4 667.2 484.2 457.6 352.2
1800 916.6 551.4 383.4 375.8 442.8
1900 1206.6 666.6 378.2 488.8 370.2
2000 972.6 553.6 441.4 383.6 461.4
2100 1048.4 761.2 458.2 408.8 466.2
2200 879.4 542 477.2 503.2 491.8
2300 1035.2 612 443.2 534.4 485.8
2400 1045.8 671 461.8 576.8 518.4
2500 1040.6 684.2 554 563.8 655.4
2600 1139 750.6 610.2 572.8 685
2700 1124 833.6 634.4 557.8 677.4
2800 1425 935.2 651.6 672 667.6
2900 3386.4 2171.4 950 824.2 1721.2
3000 1747.4 1662.4 760 649 978.4
3100 3475.6 1197.6 943 754.4 1052.2
3200 2341 1225.6 1143.4 1603.8 1847.4
3300 1997.8 1247.4 1699.8 792.8 1195
3400 3023.4 1312.6 955.6 1191.2 840.6
3500 2117.6 1480 913.2 833.2 1298.2
3600 3647.6 2333.6 936.4 912.2 1401.8
3700 2191 1331.8 1089 967.4 959.6
3800 2158 1246.4 994.2 1001 997.8
3900 3076 2610.8 867.6 1084 1045.8
4000 2051.6 1389.2 1461.4 1028 1058
4100 3371 1391.8 1075 1061.8 1096.8
4200 2845.6 2134.4 1448.4 1148.2 1962
4300 2439.2 1844 1351.4 1041.8 1707.2
4400 2446 1431.2 1136 1049.4 1407.8
4500 2129.8 1604.8 1783.8 1791.2 1211.2
4600 3879.6 2395.2 1564.6 1745 1346.2
4700 2916.2 1520 1227.2 1196.8 1338.2
4800 2401.2 1527.6 1235 1850 1371.4
4900 2406.8 1698.4 1241 1516 1426.4
5000 2346.6 1561.6 1271.6 1222.6 1360.4
5100 3445 1938.4 1308.6 1322.8 2993
5200 2551.6 1827.2 1435.2 2438 2472.2
5300 5050.2 2009.2 1423 1963.2 1606.6
5400 3399.2 2125.6 1657.6 1529.8 1681.2
5500 3103.6 2373.8 1635 1765.6 1822.4
5600 3588.6 3906.4 1519.2 1805.8 3023.2
5700 3530 4128.6 1661.2 1454.2 1709
5800 3637.8 2510.6 2100.4 1697.4 2851.4
5900 3782.2 2538.6 1731.6 2961.2 2378.6
6000 4272 3661.6 2437.4 2145.8 1998.2
6100 4873.8 2492.8 1777.8 2174.6 1893.8
6200 4523.8 3473.2 2280.8 1486 1978.8
6300 3754.8 2255.6 2218.2 1541.4 2037.8
6400 4640.8 2527.2 1722.2 1602.2 2242.2
6500 4094.8 2546.2 3207.4 1739.8 3229
6600 4535.6 2594.2 2796.4 1680.8 1745.4
6700 4284 2601.4 2400.2 1761.4 1746.6
6800 4256 3847 1931.8 1795.8 3202.6
6900 4508.4 2620.6 2001 1755.4 1901.8
7000 4355.2 2644.2 1974.8 2156 1878.8
7100 4310.2 2673.2 1991.8 1996.8 1946
7200 4363.8 3000.4 2830.8 1937.6 1887.2
7300 4999.8 2737 2301.2 1993.2 2052.8
7400 4607.8 2799.4 2052.8 2039.6 3002.6
7500 5750.4 2870.2 2080 2041.8 2259.8
7600 4456.6 2793.6 2128.4 2100.2 2098.4
7700 6095.6 3475.6 2105.4 2561.4 2291.8
7800 5617.4 2800.6 2342.4 2710 2176
7900 4548 5070.6 2201.2 2182.6 2200.8
8000 4555.6 3010.4 2910.2 4268.4 2260.4
8100 4741.2 2915 2197.4 2222.6 3617.4
8200 4602.6 3179.2 2131.4 3358.2 2231
8300 5461.2 3004.2 2266.8 2925 2364.4
8400 5194.6 2952.8 4079 2405.2 2477
8500 8322.8 3078.8 2321.6 2639.6 2719.4
8600 5025 4224 3159 3555.4 2665.6
8700 5029.2 2886.6 2365.4 2637 2854
8800 4334.6 2805.4 2446.2 2518.2 2718
8900 4757.6 6444.2 2986 2409.2 2857
9000 5984.6 3082.8 4254.4 2542.2 2694.4
9100 6772 3055 2871.6 3578.2 3604.2
9200 6868.6 3083.2 3395.2 2510.6 2763.6
9300 4836 5908.6 2941.4 3308.4 2790.4
9400 5727.2 3759 2554.4 2571.2 2732.8
9500 4877.2 3645.4 3151.8 2574.8 3448.8
9600 5136.2 4322.4 3938.2 4233 3152.4
9700 4921.8 3531.2 3899 2575.6 2871.6
9800 5355.6 4626.8 2702.2 2755.8 2992.8
9900 4919.8 3141.8 3856.2 2643.6 3139.6
10000 5169.4 3498.2 2709.4 2731.6 2990.2
10100 6439.6 5917.6 4023.8 4184.4 3806.2
10200 7250.6 3999.6 3503.8 3514 3708.2
10300 5180.2 3366.2 2853.8 3217.2 3063.6
10400 6042.4 3804.8 2999.6 2927.4 3309.4
10500 8301 3818.6 3159.6 2805.8 3226.4
10600 6380.2 4751.6 3353.4 2877.2 4549.4
10700 6580 4234.4 3377.8 3651.4 4313.4
10800 6128.4 4483.8 3351.4 4030 3547
10900 6422.4 4790.4 4584.4 2945.4 3515.6
11000 6371.8 6216.8 5165.4 2946 6233.8
11100 7117.2 5096 3475 2964.6 3637.6
11200 6785.4 5036 3371.8 3052.6 3690.2
11300 10706.6 7595.6 3753.4 3077 4759
11400 7118.8 5077.4 3913 6113.6 6613.8
11500 7364.6 5309.2 5635.4 3157.6 3922
11600 7167 5000.8 3462.8 3119.8 3979
11700 8251.6 7294.2 4217.8 3560.4 4965.4
11800 11140 6799.4 3654.8 5313.8 4800.8
11900 7835 5244.2 3699.4 3354.8 7249.2
12000 8272.2 5874.2 3666.8 3323.2 4146.2
12100 10100 7736.6 3784.8 4293.4 4847.4
12200 9959.8 7398.2 4177.2 3656.8 4117.8
12300 9979.2 5159.8 3742.8 3818.6 4273.8
12400 11839.8 5645.8 3769.2 3646.2 6825.8
12500 10095 5237.2 3821.2 3473 4362
12600 10478.6 5544 3833.2 3428 6465.8
12700 8511.6 5988.6 3965.2 3427 4370.2
12800 8880.6 5689.2 4060.8 3545.6 5550.2
12900 10187 6496.4 4205.8 4052 5049.6
13000 9908 5836 4869.8 3648.4 4050
13100 11217 5765 3943 3687.8 4184.4
13200 9356.2 5366.4 6780.6 3697.6 3737.2
13300 11077.2 6721 4002 3681.8 3864.4
13400 10481 5403.8 3992.6 4244.4 3749.6
13500 10141 5682.2 3830 3690.4 4762.8
13600 9083.6 7102.8 4079.6 5525.8 3794.4
13700 9419 5495.8 4179.8 4139 3976.6
13800 8982.4 6235.6 4087.2 4259 3944.6
13900 9173.6 5395.4 4584.6 7357.6 3946.6
14000 10391.2 5398 4141 4141.4 4022.6
14100 15035.6 7032.6 4832.2 5623.2 3894
14200 9106.4 5457.4 4162.8 4088.6 6815.2
14300 9115.4 5654 4699.4 4102 4229.2
14400 10013 5474 4235.6 5512.4 4113
14500 9713.2 5643 4968.6 4168.6 4434.2
14600 13317.8 5782.4 4280.4 6132.6 6118.6
14700 10015 5680.6 4696.8 4968.2 4226.2
14800 9111.6 5697.8 4343.4 4397.8 5053.2
14900 9404.8 6882 5319.8 5671.4 6796
15000 9562.8 7693.2 4403.6 4240 5673.8
15100 9065.4 5749.6 4444.8 5049.4 4375.4
15200 15461.4 6335.8 4263.2 6192.6 4447.8
15300 10428.2 5932 4911 4468.2 5228
15400 9510.8 8518.8 4522.2 4409.6 5189.6
15500 9650.8 5870.2 5678.2 4753.6 5617.6
15600 10179.2 5871.6 4865.2 4538.8 4466.2
15700 9677.8 5880.4 7262.4 4618 4639.2
15800 10927.4 6693.4 6660.8 4608.8 4689.6
15900 9434.6 6381.4 4936.4 4627.4 4701.2
16000 11626.4 7610.4 6781 5526.8 5590.4
16100 10930.8 6007.2 4601.8 8427.8 4786.2
16200 9893.2 7398.4 5665.4 4724 4659
16300 9422.6 6006.2 4763.8 4770.8 4975.8
16400 9613.4 6546.4 7044.2 4913.2 5084.4
16500 10499.4 6006.6 4787.8 4800.6 5949.4
16600 9453.6 6060 7948 4784.6 4958.4
16700 10351.6 6070 4850.6 4898.6 5759.6
16800 9491.2 10052.2 8258 4856 5178.6
16900 17387.4 7122.4 4802.4 7440.4 6633.4
17000 14590.2 6696.4 4872.8 4941.8 8560.4
17100 9814.2 10233.2 4912.8 9070.4 6325.4
17200 11637 6941.4 6754 7721.2 7307.8
17300 10156.6 9016.6 5647.8 5359.6 7530.2
17400 10497 6152 9508 7411 5355.8
17500 9761 8574.8 5425.2 5581.8 6551.2
17600 9774.6 6355.4 5724.4 6170.4 6855.4
17700 9843.2 6264 6339.2 5347 5449.6
17800 9614.2 6431.8 8399.2 5127.8 7022.2
17900 11820.8 7452.8 7800.2 7036.4 6241.6
18000 9482.6 10459.2 5187.2 5184 5502
18100 11574.2 6397 5182.2 5100.2 6116.2
18200 10211.4 9617.2 7234.2 6013.8 6582.8
18300 11538.6 6774.6 5314.2 5424.2 7598.8
18400 11170.6 11854 5432.8 6001.8 6194.8
18500 9902.4 6710.4 7328 6268.4 5861.6
18600 11270 6695 5244.2 5303.4 6739.6
18700 12849.4 6581.4 5258.8 5347.6 5840.4
18800 10115.6 8264.4 9517 5929 6159.2
18900 10210 7818.4 5448.4 5672 7731.2
19000 10023.2 10984.4 5554.2 5461.8 6366.2
19100 10287.2 9110.4 5473.8 7049.4 6154
19200 13693 6665.4 5971.8 5467.8 6209.4
19300 10171.8 7909 6471.6 5295.2 10728.4
19400 10144.4 6681.6 6224.4 5430.2 6429
19500 10630.6 6685.4 6560.6 5614 6311.6
19600 10335 8600.2 6738.2 7103 6358.2
19700 12774.6 7761.2 8935 6210.8 6434
19800 11110 7923 5566.4 9226.2 12598.2
19900 12684.6 7258.4 8560.6 5873.2 10845
20000 11773.2 7186.6 7807.8 7664.2 6414.4
20100 12645.6 7216.8 6043.2 6402.8 6612.2
20200 11124 6744.6 5837.4 5823.2 7728.8
20300 10393.6 7944.8 6131.6 6365.8 6644.4
20400 12166 6777.2 6194.2 5972.4 6895.2
20500 14480.8 6942.6 5951.2 6922 7499.8
20600 10931 7469.4 6522.6 5923.2 7640
20700 10493.6 6994 5950.2 6478.8 10147
20800 11299.4 7810.6 6233.6 7822 7406.4
20900 11184.6 8169 6054.4 6061 13237.6
21000 11184.2 10642.2 6560.6 6332.2 6755.8
21100 11814.4 11635 7529.4 6564.2 7507.2
21200 13233.2 8200.2 6902.6 6118.6 7180.8
21300 15880.2 8629 8170 6160 7336
21400 12303.4 9720.2 8138.8 7163 10644.6
21500 13251.8 8938.2 7027 6122 7112.2
21600 14412.6 9001.6 8239.2 7285.2 7198.2
21700 13776.8 9962.6 7779.4 9298.2 7600
21800 13704.2 10863.2 7196.4 6280.8 7518
21900 16292 13271.2 7348.4 6397.4 7535.6
22000 13786 9913 8111 6323.2 7604.8
22100 14192.8 12796.8 9903.6 6507 9910.4
22200 14606 10455.2 7644.4 6399.2 8445.6
22300 14352.6 10591.2 9284 6426 7849.8
22400 14980.6 11398.8 7554.8 8935 7852.2
22500 14006.2 10839.2 7665.2 7954.4 7836.2
22600 15491.2 11022.4 7549.4 10208 10677
22700 15242.6 10797.8 7485.8 6586.2 8425.8
22800 17130.4 10602.6 10875.4 6869 8152.6
22900 15010.6 10923 8018.4 6629.8 7918.4
23000 18433.2 11721.6 10300.2 7028.2 8496
23100 19479.4 11091.4 8317.2 7631.4 8143.2
23200 15214.6 10842.8 8088.8 6712.2 8414.2
23300 17881.6 11205.4 7767.2 7520.2 8086.6
23400 17652.4 12282.6 8292.2 6707.6 10904
23500 15921.4 10938.2 8059 7084.6 8263.4
23600 15980.4 11293 7755 7171.6 8496.8
23700 18961.2 11921.8 8407.2 7643 9223.6
23800 16618 12897.8 7701.8 6864.8 8522.4
23900 17973.8 10670 11039.2 7122.4 9111.6
24000 18208.4 11392.8 7985.4 6861 8581.8
24100 17000.8 10328 8481.4 8072.4 8398
24200 17916 11793 7727.4 7019.6 9473.6
24300 16795.4 10566 7640 7520.2 10690.2
24400 17238.8 11527 7933.6 7631.6 8714.6
24500 19561.2 10783.8 7910 7717.8 9910.4
24600 20138 10102.2 8013 7218.2 10259.8
24700 17265.4 10510.4 7772 7220.6 9444.2
24800 20358.6 10732.6 9170.8 7447.6 10883.2
24900 17588.8 14117.2 9518.8 7396.8 11493.2
25000 18272.8 10634.2 7995.8 7907.8 9214.4
25100 17810.2 12532.2 9451.2 6972 9842.2
25200 17569.2 14735.4 8025 8448.4 9235.6
25300 20528.4 10934.2 10777 7136.2 11412.4
25400 19235.6 11644.6 7660.2 8314.8 17456.4
25500 24603 12013.2 8137.2 7399.4 12181
25600 20414.2 10997.8 10531.4 8582.4 11240
25700 19558.8 12928.6 8628 9264.6 16144.6
25800 24399.4 12688.4 9893.8 8942.6 9023
25900 17472 10895.6 8379.8 10674.8 13141
26000 18347.8 13075 9540 11572.8 8013.6
26100 20178.2 14516.4 8893.2 8526.6 7643
26200 18099.6 13144.8 8879.8 7813.6 8207.8
26300 18074.6 11347 8670.6 8060.2 7648
26400 20180.6 11570.4 8329.4 10881.6 7999.8
26500 19451.8 11644.4 9124 7810.6 9622.2
26600 18304.4 11062.2 8412.6 11309.4 9328.8
26700 18028.2 14063.8 8806.4 7951 8368.2
26800 19290.4 15387 9213 7832.2 8513.2
26900 18663 13722.6 9344.6 10049.4 9333.2
27000 21856.6 10945.8 8525.6 8025 8072.6
27100 18923.4 11454.8 9532 9268 7861.6
27200 19035.8 12250.8 8533.4 8197 10694.4
27300 19761.8 12210.4 8749.6 8605.4 8106
27400 20709 11289.4 9485.6 8376.2 9027
27500 19226.8 12742.2 9336 9623.6 8368.8
27600 20016.4 13063.8 8887.6 8234.6 8795.8
27700 18134.8 11199 8516.8 8341.2 8242.2
27800 21090.8 12319.8 8877.8 8222.2 8385.2
27900 20602.4 11380 8588.8 9751.2 10047.6
28000 20527.4 13266.6 8718.4 8412.4 8924.2
28100 18440 11870.8 9233 10007.6 10003.2
28200 23659.6 11986.2 9764.6 8736 9303
28300 23268 12314.2 11416.2 10974.2 11151.6
28400 21311.4 15427 10402 11743.4 9489.4
28500 20437.8 12133.8 9227.6 8916 13246.6
28600 19635.8 13425.2 10240.8 13097 9201.8
28700 24775.6 13780.2 8894.2 10793.2 9455.4
28800 18525.2 12013.6 11257.2 9109.8 8646.8
28900 21411 13022.2 9592.4 12786.4 10836.6
29000 25125 12813.6 11039.4 8944.4 10272.2
29100 18663 12669 9550.2 12343.2 9652
29200 19260.8 12283.2 10505.6 10504.8 11284.4
29300 19093.6 12050.4 9725 11570.2 11568.8
29400 18782.4 14697.6 9824.4 10779 11842.8
29500 20294.2 17173.2 15884.2 15450.2 8978.6
29600 19733.2 13254.8 15044.4 13942.8 10136.4
29700 23296.6 12872.8 9258 9679.6 10627.2
29800 19605 13301.8 10933.6 10775.4 10202.4
29900 21257.2 13128.6 11006.4 10397.2 10275.4
30000 22575.6 14371 12431.8 11466.6 11923.4
30100 24282.4 13370.6 9792.6 10734.4 12259
30200 21418 12945.6 9792.6 9855.2 12970.2
30300 21237.8 12405.8 12060.6 10756.4 11576.6
30400 21383 13030.4 9328.6 9711 9208.6
30500 22400.2 12720 9551.4 9962.6 9522.4
30600 18743.8 12814.8 9407.8 12529.4 13718.8
30700 19020.8 12126 9571.8 11742.4 9474.2
30800 22944.2 14103 9305.4 10154.6 10810.6
30900 21938.8 13190.8 11543.2 9409.2 10584.6
31000 20777.4 12227 11845.8 9576.2 11446.4
31100 19979.4 19273 10118.2 14159 13228.6
31200 18971.6 12444 9528.8 9547 10419.8
31300 18784.2 12240.4 9606.2 9706.8 9709.2
31400 21110.2 17831.2 9614.4 9815.4 9883.8
31500 19689.2 12498.8 9711 9637.6 9981
31600 21376.6 13318.8 9838 10328.6 9906.8
31700 19179.6 12896.6 9707.4 9499.6 10221.6
31800 19504.6 12593.2 10637.6 9699.8 10082.8
31900 19784.6 21479.8 11336.4 10015.6 10697.2
32000 22248.6 12921.4 9989.2 9967.4 10773.4
32100 19976.8 12648 11060.2 9354.6 10363.6
32200 20000.6 12373.8 10426.4 11397.8 9880.8
32300 19256.4 12781 11489.8 9673.8 10560.8
32400 20196.8 15743.8 13259.2 10482.2 11191
32500 20234.2 16268.2 11202.4 9893.6 10207.8
32600 23459.2 12471.4 10532.6 11455.8 11796.4
32700 20805 12225 10073 9915.6 10860.2
32800 20447.8 15001.4 10483.6 10519 10781.8
32900 22804.4 12546.4 9953.6 10682.2 18243.2
33000 19682.2 12121 10215.4 11065.6 10430
33100 19699.8 12601.4 10595.8 9905.2 12389.2
33200 22137 12660.4 9934.8 10047 10454.4
33300 20491.8 12580 10857 10185.6 10592.2
33400 19416 13421.6 10365.4 9983.8 11271.6
33500 19938.6 14435.8 10839 10671 10642
33600 21371.2 14506.4 10288 11287 10835.8
33700 19603.2 14531.4 12195.8 10075.4 12567
33800 23125.2 17956.2 10511 10387.8 12373.8
33900 19871 13345.8 10273.6 11322.2 16539.4
34000 19809.2 13220.6 14079.4 11227.6 11637.6
34100 23844.6 12938.8 12536.6 10562.4 10971.2
34200 25621.4 13997.8 11085.8 11244.2 11081.4
34300 20387.4 12850 15752 12584 11227
34400 29059.4 14728.2 10427 10817.8 11823.4
34500 19976.2 14502.6 13267 10991.6 11051.6
34600 21164.4 15091.4 10550.4 12906.4 11683.4
34700 25473.8 14988.6 11101.6 12939.2 11145.8
34800 20404 14207.6 11880.6 12716.6 11216
34900 24805.4 14401.2 12296.8 10791.4 11135
35000 21678.4 14358.4 10532.4 12309.8 12279.8
35100 22974.8 14709.4 11416.8 11684 11324.6
35200 23527 14166.4 12513.6 11701.6 12642.6
35300 23527.4 13927.8 10749.4 10706.4 13802.6
35400 24462.4 15081.6 10939 10843.6 11561.4
35500 20789.4 14033.8 12612.8 10476.2 11359
35600 27223 15306.8 10906.4 13660.6 11489.4
35700 22971.2 17114.2 12410.2 11347.4 13040.2
35800 20465.6 15646 14359.6 11185.2 11323.4
35900 23152.2 13411.6 10757.4 12082.2 12081.2
36000 24069.4 13856.6 13073.2 10883.8 13157.2
36100 22244.4 14436.8 13227.2 11311.2 14259.4
36200 20598.6 15578.8 10887.4 13846.4 14148.8
36300 20868.2 13226.2 12297 10925 12653.2
36400 20489.4 14140.2 11638.2 11988.6 13840
36500 20885.6 22714.8 11449.6 11781.8 13112.8
36600 20144.8 13817.4 18626 11098.8 12029.4
36700 20362.4 13395.8 11005.2 10865 11931
36800 20555.4 13594.6 12461.4 11488.4 12177.4
36900 20060.6 14102.8 11621.8 11702.8 12418.2
37000 21518.8 13879 11163.2 11177.8 14117.6
37100 22757.2 17094.8 11554.2 11623 15275
37200 20798 13934.2 11585.4 12305 12978.6
37300 23522 14461.8 12514.8 11631.4 12423.8
37400 21662.2 14264.4 11612.8 12797.4 12146.8
37500 22655 13851.6 11604 13051.2 13617.8
37600 21287 14142.2 11300.4 11481.2 12268
37700 21476 16144.8 11431 11570.6 14068.8
37800 20845.6 14912.2 13046 15181 15026.2
37900 22121.8 13570.8 11694.6 11552 15643.8
38000 21260.4 16041.4 11636.2 12128.2 12837.8
38100 27297.4 15314.2 12001.2 12037.4 12519
38200 26992.4 16849.8 12977.4 12390 13278.4
38300 21689 15318 14321 14282.4 12768
38400 28656.8 14934.8 12184.2 12387.2 13115
38500 21650 13627.2 11403.2 11751.6 13354.8
38600 20802.8 13741.2 12660.8 14345.2 13364.4
38700 22417.6 13857 11785.2 13316.2 14172.6
38800 21163.4 13790 12818.6 13229.6 15311.8
38900 21324.2 15028 15721.4 12003 13485
39000 23303.2 14923.2 11883 12354.4 15179.8
39100 22376.2 15101 11972.6 13316 13162.6
39200 24715 15097.4 11850.6 11744.2 12790.8
39300 25145.4 16475.4 16154.2 12102.8 14454.6
39400 26893 15949.8 12899.8 14179 13615.2
39500 21106.2 18353.4 12326.6 12216.8 18176
39600 24777 14583.6 12515.2 12184.4 15132.6
39700 23408.8 14615.6 13398.2 13123.6 14707.2
39800 22333.8 18162 13544 15353.2 13956
39900 22488 14714.2 13274.6 12301.2 13848.4
40000 23047 18445.6 20648.4 15670.8 17308.4
40100 21752.2 15277.8 14039.2 13753 18229.4
40200 21801.6 23462.2 17087.6 12835.4 13672
40300 21571.4 14807 15962.2 13718 13567.2
40400 21267.4 14473.8 12156.6 15754.4 16678.6
40500 24676.6 15185 19753.2 13487 15338.2
40600 21559.6 15079 13005.2 13114.8 14330.6
40700 24250.8 15635.6 14105.6 14222 13940.2
40800 23337.4 14460.4 15824.6 20620.6 14447.4
40900 23307.4 14499.6 14346.8 11826.4 14285
41000 25195 15241.2 14121.2 12565.2 15928.8
41100 25411.6 19047.8 14189 12087.4 15566.2
41200 23496.6 15636.8 12675 12631.4 18602
41300 23496.6 15207 14230.2 13626.4 24752
41400 23793.4 17429 14177.6 12111.8 14961.6
41500 24389.8 16495.6 12968.4 14773 19726.6
41600 23203.2 18184.4 13309.2 12559 23754.4
41700 28132.4 16279.2 13436.2 12774.2 16186.2
41800 26109.4 16858 16168.2 17459.4 20456.6
41900 23801.2 18687.8 14422 12372 14575.6
42000 25705.2 16906.8 14025.4 15803.8 14411
42100 34914.4 17024 14374.4 13053.8 14942.6
42200 27853.6 17416.6 14278.2 12699.6 15392.4
42300 26552 19753.6 16285 13977.4 15423.6
42400 25011.4 19652.2 14947 13076.2 14653.8
42500 24990.2 20538.2 15584 14980.4 16695.6
42600 26114.8 21726 14711.8 14782 15749.2
42700 26618.8 18656.4 16530.4 13125.6 16323.2
42800 25518.8 22515 15903.8 12936.2 15010.2
42900 35396 19019.8 15309.8 12797.8 17711.2
43000 25227 18497.6 15453 13028 18637.4
43100 27214.2 21176.2 15803.2 13147.8 19236.4
43200 28629.4 19035.8 15375.6 15549.6 15298.4
43300 30619.4 20399.4 17640.2 13001.4 15117.4
43400 25748.8 25002.6 16249.6 13865 17461.8
43500 26477 23063.8 15334 13819 15243.8
43600 33929.2 20045.8 16511.4 13163.2 15474.4
43700 31674 20247.8 15873.2 13303.8 16572.6
43800 28122 22935.4 17458.4 13934.8 16403.6
43900 34155.6 23543.8 20028 15347.4 17090.2
44000 30825.6 22066.4 17442 16844.4 22903.4
44100 31374.2 20410.4 15225.8 14312.6 15432.6
44200 28777.4 25740 16344 13623.6 17309.6
44300 29736 22716.2 15590.8 16236.4 16138.6
44400 30004.4 23415 16248.2 16019.8 17926
44500 29359.8 25890 16597.8 14358.6 15837.8
44600 30400.2 22576.4 17511 20990 16969.8
44700 29231.8 22697.6 15320.4 14093.6 17971.8
44800 32524.6 26812.8 17684 15225.8 17385.2
44900 32759.6 24776.6 15097.2 13884.8 15681.4
45000 29033.8 23750.8 15368 13899.8 16309.4
45100 30634.8 23736.2 17584 15283.8 19882.8
45200 34014.6 24670.6 15731.4 14901 18621
45300 34500.2 24123.2 20047 15443.4 19353.8
45400 39837 23709 22065.6 23934.4 21374
45500 48472 31195 23726.8 25052.8 27770.2
45600 32247 26810.2 16563.2 17292.8 17654.8
45700 35021.4 23826.6 15670.8 17897 16886.8
45800 38963 25030.8 16534.6 13779.6 18421
45900 40909.4 24400 15370.2 15437.6 17430
46000 31566 23507.2 16118.8 16786.4 20318.8
46100 32221 23921.4 17398.2 14513.2 17338.8
46200 32580.4 23437.6 15927 16046.2 17222
46300 31836.8 29180.2 17919.8 14651.6 20963.8
46400 37572 27726.2 16047.2 14517 17685.2
46500 31911.2 24769.8 16317.6 22708.2 18444.8
46600 36079.2 28359.4 19456.8 15568.8 20660.6
46700 37150.4 24977.4 16341.4 14771.4 17270.2
46800 38238.6 24254.6 16358.2 16480.4 24191.2
46900 37394.6 30343 17703 15280.2 19204.2
47000 36421.6 22719.8 22070.6 16582.8 18428.2
47100 34974.2 22941.8 20189.8 18169 18339
47200 32651.8 25436.4 17222.6 14391 18087.6
47300 39007.8 24134.6 19490.6 15386.8 18319.4
47400 42077.6 22601.2 18874.6 18104.8 18070
47500 37807.2 22821.2 18555.8 15011.8 17939.2
47600 45130.8 35573 21312.6 17543.6 22007
47700 35319 26285.8 20625.8 19959.8 19750.4
47800 39480 22886.6 18494.2 17277.2 18796.6
47900 40743.6 26476 16940.6 15994.6 18737.4
48000 38068.6 23408.2 17427.2 15244.2 18334
48100 40015.6 22320.8 17010.6 17860.6 18350.2
48200 36229.2 25519 18440.2 17789.2 24375.4
48300 41103.4 25784.8 19519.2 18320 18052
48400 39109.8 28156 17894.2 16884.4 18913.6
48500 34520.6 26649.2 18735.8 15203 22362
48600 37671.4 25852 17539.2 16841.4 20076.2
48700 36559 24509.2 16911.2 16096.8 18927.4
48800 37477.4 24065.2 16623 17089.6 19336.4
48900 37363.8 23481.4 17435 15298.8 18463
49000 41105.6 22742.2 16818.2 15249.2 21593
49100 37514 36216.8 18035.4 17782.4 29558.6
49200 40481.4 24522.2 20191.6 15528.2 22725.8
49300 37679.6 26747.2 20377.8 15218 20845.6
49400 44855.2 30021.8 20966.4 20174.2 25368
49500 48778.2 27772.4 20240.8 16390.2 28785.4
49600 40435.4 22259 16706.2 15236.4 20037.6
49700 54634.8 30301.2 17135.2 15516 19605.6
49800 35276.8 23046 16810.4 16391.4 24626.8
49900 39507.2 24048.2 18682.8 15808.4 19432.6
50000 37548 26235.8 23359.6 15471.6 21079
50100 42182.2 23509.4 21733.6 16347.2 24389.8
50200 39444.6 29668.2 19321.2 19132.4 20886
50300 38193.2 25986 19169.8 15720 20174
50400 36761.8 22199.2 17298.8 20398.8 24461
50500 43014.8 28896.6 17383.6 16561 23178.6
50600 39764.4 23777 17059.4 15851.4 21328.8
50700 38760.4 23978.4 18938.4 16690.2 23553
50800 40267.6 26338.8 17905.6 18120 22530.4
50900 39199.4 24940 17408.8 15962.4 21612.6
51000 37041.8 28588.8 22670 17088.4 25410.2
51100 39901.4 32786.2 18968 25523.4 20216.6
51200 42060.8 28901.4 21472.2 16550.6 21277.2
51300 42163.4 23381.2 17777.2 16962 20859.4
51400 49721.6 25337.8 17871.6 23461.8 20980.4
51500 38515.8 27480.4 16978 15724 18987.8
51600 37357 26805.6 17838.8 16433.4 18242.2
51700 39409.2 24858.4 19247.6 19610.8 19684.4
51800 39721 25687.2 21614.4 20072.2 18013.8
51900 51558.2 25089.8 17364.8 16887.4 25597.8
52000 43227 29721 18794 16460.6 18188.8
52100 56965.8 24764 17807.6 19908 19450.4
52200 44724.8 24915 22329.4 17601.2 24696.6
52300 43929 28747.8 24441.2 24613.2 19857
52400 50105.2 29418.6 18549 18192.8 18942.4
52500 42912.8 31923.4 20055.8 19184.8 18580
52600 39807.4 30627.4 21605 25245.8 17428.4
52700 39330.4 32114.8 23165 19654.8 16724
52800 46961.2 26618.6 17850.2 17432 16393.8
52900 38783.6 27164.2 21507.6 16328 16773.6
53000 41274.4 23497.2 18572.4 17671.8 19159.6
53100 39245.4 26242.6 19780.6 22006.4 17229.2
53200 41052.8 29493.8 20398.2 23131.8 17396.6
53300 39895.8 24781.4 19664.8 17066.6 18560.2
53400 38510.2 26965.2 21549 17831.2 19272
53500 44683.6 27036.2 21174 16529.2 18323
53600 39731.6 24952.4 19009 26378.8 20380.4
53700 43424.2 23687.4 22912.6 16840 17081.4
53800 39172 24843 18156 19769.2 18461.8
53900 39072.8 24976 28865.8 19796.8 19611
54000 47039.2 29221 20559.4 20943.2 22938
54100 39389.6 28409 18615.8 17163.6 17546.8
54200 44968 25652 22229.2 18319.6 17241.4
54300 39597 24900.4 19288.2 23495.4 22555.4
54400 38618.2 29184.4 22202 17793.6 20111.8
54500 39664.2 25436.4 22414.6 17007.2 20611.8
54600 42436 27639.6 19651.8 24958.2 21650.6
54700 38787.2 27620.6 18562.4 20440.2 20170.8
54800 37453.4 31590.6 18678.8 18193.2 19760.8
54900 39754.2 28556 20111 19199 20577.2
55000 46259.2 25485 19280.8 19560.8 19304.4
55100 39406.2 29565.2 22474.6 19870.4 19221.8
55200 41581.8 24064.6 20653.8 21231.8 19896.8
55300 39123 24914 20086.4 18317.8 17184.2
55400 44522.4 27407.6 19918.8 22009.2 22991
55500 40638.8 27495.4 21607 21312 18447.8
55600 46447.2 25719.4 19015.6 20026.2 17885.8
55700 42149.4 25052.4 19737.2 17553.8 20980.8
55800 41341 29436 18285.4 19591.2 18050.8
55900 45081.4 25103.4 18512.4 27601.2 18908.4
56000 36862.4 26756.2 18723.6 25742.2 17319.4
56100 40541.6 25928.2 20579.2 18121.4 18170
56200 40173 24426 19201 19600 20248.4
56300 40109.6 24051.4 18571.2 17805.6 26223.6
56400 39097 27842.4 20448.6 18078.8 17889.2
56500 38202 23859.2 18928.8 18064.6 17939.2
56600 38145.6 24600.8 18499.4 19490.6 17955
56700 53181.2 24678.8 19670.4 20350.6 17943.4
56800 42555 25222.4 20616 18388.2 19593.8
56900 39791 28673.8 24351.4 18913.2 18167
57000 44336 25095.4 23228 19614.8 24316.4
57100 40480.2 24085.4 19244.4 19476.6 22822.2
57200 40289.6 31354.6 19593.8 19893.6 21167.4
57300 49652.6 31119 20054.4 23969 28860
57400 44989 31041 24909.2 21857.4 24177.2
57500 42320.4 24558 22098.8 18735.6 19157.8
57600 40346.8 28814.2 18652.8 19096.6 20273.8
57700 39518.2 25031 21640 21934.2 20468
57800 52321.4 26997 28221.8 20181.6 22468.2
57900 42135.8 28074 22802 22533.8 19766
58000 43801.6 26571.2 22305.2 21673 24921
58100 45998.2 27798.6 20004.2 18700.6 31456.6
58200 49812.8 25685 23621.2 21043.2 25812.8
58300 43020.4 28537.2 21241 18554.6 20766.4
58400 40030.4 24601.8 19512.2 24122.8 21596
58500 39835.8 27518 23748.2 27540 20586
58600 34952.6 21637 17811.2 17502.8 25302.2
58700 42931.4 27121.6 25035.2 20842.8 24624.6
58800 41928.4 27629 21037.2 23045.8 21898.2
58900 45393 28780.8 21526 19317.8 21652.8
59000 47677.2 26831.2 19987.2 21345.4 21751.6
59100 44705.2 26332.4 23563.8 20856 22184.8
59200 51139.4 29068.2 20766.2 32808.6 23310
59300 51587.6 30688.8 22428.6 25363.8 20173.6
59400 42650 34814.2 21811.2 23270 20318.2
59500 45543.8 28617.8 23770 27964.8 35343.8
59600 46745.8 36372.2 22925.8 23015.4 23207.4
59700 40359.2 26753.8 23794 22806 20346.8
59800 39067.6 29350.2 21699.2 20263.2 20441.4
59900 48019.6 34956 24297.8 23457.6 19453.4
60000 48291.4 26188.2 24047.2 23791.2 20219.8
60100 43450.2 24957.4 23129.6 23724 29307
60200 40879 25419.6 22501.2 19166.6 21452.8
60300 53568 28733.8 24073.4 20939.4 20242.8
60400 46904 25391.8 25980.4 19639.4 21114
60500 41616.4 26293.8 20478 20530.2 22624.8
60600 42617.8 29475.6 19915 19760.6 21208
60700 43227 34718 24074.8 20984.8 26582.2
60800 46616 31289.8 21044.8 23311 29959.4
60900 43511 29110.6 29607.4 26832.6 23198.6
61000 43406.8 37127.8 21834.4 27428.6 22636.8
61100 44032.4 26536.6 20378.4 20879.4 28687.8
61200 49230.6 30745.6 23429 21125.4 26237.6
61300 48494.8 30085.6 24707 19799.8 25095
61400 42315.2 28818 20700.4 20468.2 23367.4
61500 43055.4 24991.8 26670.2 22469.4 21712.8
61600 46968.2 32073.4 19808.4 20238.2 23774.4
61700 40750.2 27106.6 20678.8 22377 23015.6
61800 45893.8 27814.4 31506 22970.4 20523.8
61900 40872.8 32501.8 23472.2 29983.6 23986.8
62000 49754 29514.6 20446.6 21960.4 20426.6
62100 41651 29347.4 19980 20562.4 23809
62200 42624 25565.8 20019.2 20676.4 20426
62300 41848.6 32201.8 21507.6 24215.2 20364.6
62400 39194 30365.8 22226.8 20125.2 22318.2
62500 43186.6 29898.6 20840 23484.8 22047.2
62600 45379.2 27638.4 21990 23753.4 22850
62700 42133 28622.6 28894.2 21635.8 20339
62800 45025.2 25830 22992.4 19987.6 36787.6
62900 42297.2 27810.8 23181.2 21381.2 22783
63000 47934.6 27561 21987.8 23950.4 22279.4
63100 41112 27140.4 24026.2 23491 22588.6
63200 40936.2 25565.6 20402.6 22616 20992.8
63300 42466.8 25773.6 24191.8 20226 20513.2
63400 42388.2 26819.4 22329.4 25989.6 21957.4
63500 44091.8 34900.4 20578.4 21357.4 21557.2
63600 44663 28764.2 24903.4 21292.8 23089.8
63700 39571 27867.6 20851.4 20731.4 24444.2
63800 45358.2 26781.6 22133 22212.6 20918.6
63900 40797.4 26674.2 24823.4 20574.8 23415
64000 40366.6 26662 21258.6 23443.4 19988.2
64100 43298.4 27333 20741.4 23239.6 24939.4
64200 52064.4 30675 24562 21309.6 25165.2
64300 47442.4 30893.2 22184 21756.6 22636.2
64400 49369.4 33336.8 22073 34315.6 24118.4
64500 66242 28272.8 22341.6 29490.8 25657.2
64600 50002.8 36045.2 20976.8 26916.8 21845.4
64700 41354.4 29811.6 25600.8 22177.6 21536.6
64800 53509.2 28403.6 23286.4 23921 23397.6
64900 53347.8 26587 23201.6 27897.8 21991.4
65000 51879.8 27762.2 23777.8 22575.4 21936.8
65100 49110 37257.8 24634.2 24215.4 27724.2
65200 40157.2 28044 21141.4 24242.8 30048.2
65300 49002 30020.6 23389.8 22226.8 25512.8
65400 43169.8 26044.8 24622.4 20846.4 26477.4
65500 49028.6 35012.6 23467.8 23587.8 22492
65600 44791.6 29286.8 24867.8 33247.2 24529.8
65700 45134.8 39117.2 31299.8 23380.6 22426
65800 47734.4 39683.2 25204.6 22082.6 23690.2
65900 44487.4 28618.6 24197.8 22232.6 23858
66000 43616.4 34333.6 21314.2 23859 27469.6
66100 42871.6 28248 22071.4 22629.8 29202.2
66200 45234.6 37578.2 22174.2 21651.2 26058.6
66300 43540.6 27853.8 25669 28503.8 33911.8
66400 56998.8 32615.4 22228.4 26367.2 26652
66500 45330.6 30641.4 22340.2 20823 21493.6
66600 46773.6 27771.8 22674 25824.2 24644.2
66700 47793.4 32516.6 23693.2 26285.4 22960.2
66800 46824.8 39511.4 23583.2 32742.8 25022
66900 43105.6 37955.6 23207.6 23497.6 22355
67000 44722.6 36076 21829.2 22538.8 23344.8
67100 47599.6 27449 21870 26072.4 24141.8
67200 43662.2 33727.6 23366.8 21856.6 27337
67300 42288.2 28136 22803.4 24896.4 26516.8
67400 43321.2 30515.2 25569.6 24698 23814
67500 47995.4 26672.2 22424.2 27760 23727.2
67600 55766.4 27221.2 21850.6 30146 23854.2
67700 47349.6 29226.6 22354.2 21930.8 22594.2
67800 45227.8 27850.8 22289.2 21580 23631.2
67900 43240.4 26910 26672 22375.6 23036.6
68000 65058.2 28232.2 22561.2 22725.2 22684.6
68100 42373.4 26657 22291 22977.6 26157.2
68200 46152.8 30479 24837.2 24176.8 26826.8
68300 42133 27970.8 24757.8 22160 27203.2
68400 46232.6 30330 25464.4 24736.2 24336.8
68500 41430.6 27151.4 27644.2 26870.6 23562.8
68600 48201 28342.4 24792.2 24935.4 25193.6
68700 43224.2 29907.4 25776.2 22486.2 23865.2
68800 43530.4 29794.2 23231.2 28628 23536.4
68900 42002.8 27103.8 23658.2 22295 22898
69000 42967.6 29307.6 29362.2 24260.4 29922.4
69100 41942.8 29728 22307.2 22209.2 23980.2
69200 41043.4 27770.2 22662 24692.2 27108
69300 50752.6 30418.6 22410 22905.2 26106.4
69400 40791.4 31477.6 21845.6 22537.6 26779.2
69500 47402.8 28817.4 23415.8 33256.8 27150.8
69600 44930.6 29069.6 22526.8 23352.2 29630
69700 42318.8 30211.6 25114.8 27206.4 23479.4
69800 46052.6 28856.8 22693.8 25651.6 27943.6
69900 43357.2 30158.4 22812.4 22505.2 30756.6
70000 46757.4 36753.2 23254.8 22396.2 33590.4
70100 48936.4 32248 22251.8 24242.2 27709
70200 46567 29248.4 23462 24727.2 25417.4
70300 53140 27989 24775.2 25112 23705.8
70400 46413.6 27710.6 23450.8 23185.6 27545.6
70500 41446.2 29262.4 24623.8 25334.8 24844.2
70600 44687.8 30729.4 22932 23675.8 28361.4
70700 47287.4 29599.2 23416.2 23942.2 25737.2
70800 44752.6 29351.2 25891.8 25697 25185.2
70900 49068.8 30332.2 25703 26049 25134.2
71000 44564 27686.8 25543.4 29535.6 26765.8
71100 47084.8 32154.8 26794 26545.2 25363
71200 50355.2 28640 26084.2 23969 26182.2
71300 44738 29782.2 25511.4 24894.4 26506.4
71400 41805.8 29681 22647.6 24482.4 24778.8
71500 45583.6 31453.2 22834.6 23533.8 26139.2
71600 48250.8 28425.6 23212 27394.4 30835.4
71700 46550.4 27623.2 23389.2 23300.4 28341.8
71800 46898.4 30216 23955.6 23881.4 25957.2
71900 45192 31593.2 23664 24317.6 26286.4
72000 48463 36638.2 24420 28266.4 26296.6
72100 46548.6 31592.6 23268.6 22744.8 25376.4
72200 43067 27699 23897.8 23807.8 29711.4
72300 44104.6 32166.2 23725.4 26900 37532.4
72400 46098 28422.2 25342.4 24215.8 24754.6
72500 47586.4 29979.4 24678.2 23530.2 25610.8
72600 43402.4 28561.4 26587.8 26310.2 28176.2
72700 46002.8 28112.2 25002.2 24424.4 25274.2
72800 46103.2 30264.2 27289.8 23071.6 28344.6
72900 43315.2 29452.4 25765.8 23907 27667.8
73000 43881.8 33826.2 25642.8 25295.8 28878
73100 56265.6 33806.4 31652.6 32305 29208.8
73200 57686 42826.4 32499 23575.2 25376.6
73300 45421.8 40775.6 36435 24640.4 26113.6
73400 47139 37103.2 23804.6 27498 32681.2
73500 46523.2 34371.8 23575.6 23577.4 32370.4
73600 42761.8 33595.4 25446.8 29714.4 29772.6
73700 48180.4 35332 30560.4 24099 28350
73800 54245 33443.6 34870.6 25944.2 36802.6
73900 52101.2 44439.8 32448.6 29307.2 35071.8
74000 56563 39929.2 34188.6 24455.4 35634.8
74100 45593.8 42098.2 34023.6 27573.6 34077.2
74200 57673.4 49487 41052.8 42111 36464.8
74300 55329.8 38815 33374 29834.8 40012
74400 70020.6 42026.2 29176.2 30025.8 40207.8
74500 52559.6 37233.8 28200.4 36445.4 38181
74600 69470.6 41061.4 30151.8 35670 41289
74700 67170.8 53216 41655.2 46864.6 42242.6
74800 56225.8 42672.8 34247.6 37634.4 46499
74900 60169.8 36570 42634.8 41399.6 42010.6
75000 57046.6 42740.4 40843.6 34508.6 34169.4
75100 56553.6 34439.4 34067.6 34726 38231.8
75200 66409.2 37816.8 30537.4 40918 34032
75300 60106 31562.6 30390.2 26963.6 31107.4
75400 58360.8 32286 29976.8 30203.2 29236.8
75500 47825 28888.2 28264.2 24373.8 28383.4
75600 43123.8 38523.2 25046.4 25454.6 32415.8
75700 45668 29393.8 24242 27713.8 40531
75800 34708.4 24325 20511.8 19927 21835.2
75900 45831.6 31081.6 26415.4 26797 26288.6
76000 46564 32927.8 24297 26302.8 26555.6
76100 49481.4 30888.8 26381.8 24708.2 27379
76200 43678.4 30550.6 27379 26019.4 27101.8
76300 42527.8 32734.6 25813 28140.8 29262.4
76400 43875.4 31481 25594.2 25847.4 30567.2
76500 48492.8 31889 28971.4 25020 29743.8
76600 45697.8 33532.2 28449.6 33494.6 28854.2
76700 44166.8 34078.6 26057.8 28468.6 26882.8
76800 46208.8 29142.8 28524.8 26098.6 29067.6
76900 37572.4 26095.2 22173.4 21853.4 24695.6
77000 59702.6 31716.8 25399.6 27479.6 35815
77100 68608.6 34417.6 26751.2 32613.2 28588.4
77200 43709.4 36498 41494.2 26743.4 30874.6
77300 44151.2 30440 29125 32501.2 35117.8
77400 45807.8 36719.8 26019.6 28621.8 27102.4
77500 47277.6 30010.4 37286 29407.6 27810.8
77600 51735.8 33849 28524 24795.6 34107.6
77700 49459.4 30218.4 24936.2 28008.8 27609
77800 43704.4 29237.8 25220 26336.4 27372
77900 47926.6 30015 24945.2 25658 28376
78000 47237.6 33879.2 25159.8 27686.8 34628.6
78100 43974.8 30546.2 26194.4 26671.8 28718.2
78200 46371.8 33833.4 26048.8 25035.6 30052
78300 50906.6 30515.2 26960.6 25362.6 28566.8
78400 53018.6 34650.4 25442 27404 31088.6
78500 48455.8 31529 29059.8 27717 28373.2
78600 44977.4 30765 25032.8 29510.8 30574.4
78700 51602 36326.2 27624.4 27354.6 29532.6
78800 52111.2 30682 25415 25176.6 35124.2
78900 56876 36079.4 31783.8 34328.6 41073
79000 38231.4 41287.8 30915.2 25430.2 31962.4
79100 48651.2 32039.4 28884.8 26061.8 33017.8
79200 43614.8 41564 28943.6 25423 33867.2
79300 54860.4 34695.6 29695.4 25646 31595.6
79400 62028 32767.2 26846.4 25937.2 29559.2
79500 56910.6 41535 27685.8 27992.6 32537.4
79600 70713.2 34508.2 31769.2 26793 33219.6
79700 53005.6 30362.4 28413.4 32790.8 28731.8
79800 46571.6 32413.8 28789.2 32576.2 35005.4
79900 52099.4 34895.6 27808.4 31414.6 31174.8
80000 47476.8 34095.2 27676 27980.6 30042.4
80100 44709.6 33270.6 26663.8 26124 29231.8
80200 46469.6 33223 25587.4 28281.4 30956.2
80300 49156.8 34435.6 27260 30243.8 32107.6
80400 45441.8 31331.8 27834 27472.2 30198.8
80500 44893.6 37034 27999.6 27340.4 31867.8
80600 46006.4 31048.2 28869.8 30612.8 38305.8
80700 47741.2 30288.8 26094.6 27238.8 32496.2
80800 52113.2 34702.2 25542.2 26721.8 30330
80900 45355.8 30788 28275.8 32867.8 29841
81000 48502 32619.6 28511.4 25902.2 32153.4
81100 44948.2 32229.6 29046.4 25946.4 34774.2
81200 45435.4 31829.4 26190.8 35166.2 30216.4
81300 46071.4 35060 29948.8 25519.4 29145.2
81400 46092.6 36739.6 26180.4 25732 34525.6
81500 48903 30904.4 30266 34222.8 32242.6
81600 44402.4 33854.6 28966.4 28429.8 29988.6
81700 53623 34653.8 27536 27333.6 30671.6
81800 44371.6 36803.6 32931.4 39385.2 29741.4
81900 48238.8 32966 26954.4 28181.4 29882
82000 45684.6 34319.6 29281.2 28208.8 30783.2
82100 46943.8 35482 26143.6 27037.2 32675.8
82200 48607 33955.4 28278.4 29031.8 30479.6
82300 48327.4 32666.6 27774.6 27665 32409.4
82400 48098.4 37787 24991.2 23903.8 28404.4
82500 52347.8 34385.4 29903 29607.6 35659.4
82600 56645.4 39252.6 32401.8 30689.2 32323
82700 54144.6 41565.2 35120 27050.6 34946.4
82800 63247.8 35280.6 30841.4 32978.8 33579
82900 52470.8 32587.4 29627.2 28057.6 35859
83000 58116 40072.8 30583.6 27054.2 33282.2
83100 52869.8 33208.4 33666.6 28170.6 39116.8
83200 48013.6 33503.8 28093.4 29107 31956.2
83300 52868.8 44406.4 38645.8 29113.4 36890.2
83400 58283.8 34406.6 30004.2 33904.2 31860
83500 49053.4 40627.4 33556.4 34660.2 41085.8
83600 49137.2 40492 29757.4 35066.6 39445.8
83700 52445.6 34227.8 34968.8 31593.8 34943.4
83800 55203.4 47343.4 31173.4 33027.6 34741.8
83900 65159.4 38023.6 29214.6 28044.4 38977.2
84000 50837.4 36037.4 29118.6 28645.6 36251.8
84100 65419.4 38643 29819.6 37067.4 36457.8
84200 59196.8 37225.4 29435.4 27483 33199
84300 56706.8 38819.8 30114.8 26971.2 40217.6
84400 54596.2 40717.6 37570.8 35052 32289
84500 52041.4 42571.8 30702.8 27416 31682
84600 54207 37598.4 31888.2 32634.4 38368.2
84700 50452 41969.8 33571 27381.8 33603
84800 58702.2 37550.2 33139.2 29610.6 36589
84900 55178.8 38827.2 31253.8 31882.2 42280.6
85000 60234.2 41551.6 41222.2 34557.8 32536
85100 52800.4 38330.2 30868.4 39103 33221.6
85200 61844.6 31894.8 26432.8 26735.6 32864.6
85300 55261.2 39527.8 35075.2 32147.8 35425
85400 56073.6 39647.6 33983.6 31297.2 36130.6
85500 57100.2 39240 34943.2 27724.4 33024.2
85600 53454.2 41328.6 40260.2 31779.2 33752.6
85700 51675.2 41782.4 30479.2 28198.6 39897.2
85800 53947.6 40986.2 32898.2 27343.2 36401.6
85900 57534 38384 31041.6 33197.6 31238.4
86000 52727.4 40320 32940.8 29001 40775.8
86100 59837 41597.4 33414.6 29403.6 36542.6
86200 52947.6 39740.6 34500.8 32174 36301.8
86300 54206 43814.2 35151 27718.6 32970.2
86400 58682 41222.4 33519.4 28597.4 32259.4
86500 53865.4 40220.4 32730.8 29200.8 32635.8
86600 58612.6 41200 35198.2 35807.8 36683.8
86700 56743.4 42012.6 35177 30057.8 32324.6
86800 56359.8 41889.6 32576.4 29131.2 37358.4
86900 58549 41848.2 35425.8 33618.6 36263.2
87000 49977.8 36784.4 30101.4 25937.8 30732.2
87100 47117 36889.6 28446.8 25777.6 29144.8
87200 51470.6 37768.6 30436.2 27247.6 30904.8
87300 51044.2 36966.2 29217.2 25674.4 29872.2
87400 49694.6 38317.6 28621.4 26392.4 29499.2
87500 51663 37682.8 30993 26720.8 31970
87600 52204.6 37992 29746.8 25996.8 29630
87700 50362.2 38571.4 30786.2 26181.8 31601.6
87800 50751.4 38441.6 30619.6 26116.8 29580.2
87900 51144.6 42097.2 30587.2 28245.6 31991.4
88000 50848 41541.6 30014 26880.8 30465.8
88100 54354 41483.2 30094.2 27167.6 32817.4
88200 54826.4 41698.4 30631 28259.2 31822.6
88300 52395.6 41254.8 31385.2 26769.2 32854.2
88400 53033.4 40502.4 30087.2 27862 33104.4
88500 53315.8 40375 30901.2 25439 31274
88600 54556.6 42322.8 32132.2 27974.2 33203.4
88700 53853.8 41050.2 31595.6 27703.2 31164.4
88800 53496.2 41537.6 31449.4 27481.2 32283
88900 55672.4 43117 30616.4 27901.6 33131.8
89000 55089.6 41959.4 30805.6 26441.4 32223.4
89100 53716.8 40737 30973.6 26465.8 32574
89200 52283.2 41204.4 31018.2 26496 31958.8
89300 52987.8 42855.6 31264.4 28806.4 31797.2
89400 55139.2 43157.4 30605.2 27861.8 32709
89500 55200.4 43490.8 32711.4 28503.4 33363.8
89600 54241.8 41843.4 30807.8 26869.2 32758.6
89700 56253.6 43887.8 31836.2 28369.4 33775
89800 56467.2 44931 31185.8 28504.6 32015.6
89900 55139 42049.6 31085 26293.4 32727.8
90000 55754.2 42957 31804.4 28515.2 32411
90100 56458.2 42330 30828.6 26272.2 33422.6
90200 57223.6 45392.8 30736.2 28714.4 34076.6
90300 56667.4 43861.6 32064.6 27330.8 33060
90400 56508 43945.8 31185.6 28476.8 32564.8
90500 57449.2 41715.4 30657.8 27817 32987.2
90600 54451 43339.8 32260.8 29385.2 33947.8
90700 56713.2 45208.4 31502 27867 31912
90800 59411.8 44743.2 30931.8 28690.2 34022
90900 57807 45465.8 32265.8 29304.6 34257.6
91000 58339.6 43999.6 33129.8 28928.2 32371.8
91100 58291.4 43922.2 31203.2 29428 34148.8
91200 58539 44011.8 31514.8 28930.8 34016.4
91300 59968.8 45952 32610.4 28725.2 36039
91400 58759.8 43217 31273 27747.4 33991
91500 59773.2 44585.6 31748.6 29305.8 33545.8
91600 60513.8 43602 31389.8 27539.4 34873.2
91700 58967.4 45278.4 30894.6 27980.4 35310.6
91800 59947.2 44918.4 31795.4 29246.8 34014.2
91900 60328.4 43729.6 31234.8 28697.2 34056.6
92000 59957.8 45484.8 33228 30059.2 33631.6
92100 62332.2 45248.6 30873.4 28103.2 35119.8
92200 57595.8 43730.2 32807.8 28950 34544.2
92300 61733.2 43803.2 32534 29761.6 35720.8
92400 60437 43278.2 32072.4 29688.4 34922.2
92500 61108.4 44554.6 31454.4 28672.8 34557.2
92600 60544.8 45704.8 31746.2 29105.4 33538.6
92700 59821.6 43528.2 31935.4 28694.2 34056.4
92800 60382.2 45933.8 35275.6 35281 41344.4
92900 65193.4 44805.2 33881.8 30281.4 35302.2
93000 62647.4 43983.4 32154.2 29294.6 34454.2
93100 62787 45228.4 33110.8 29589.4 35733.4
93200 63502.8 49028 33949.4 29988 33267.8
93300 66478.2 61989 48264.6 39126.4 50184.4
93400 60794.2 44444.8 31318 30224.6 35389.6
93500 59217 42844.2 30948.6 27836.4 35304.6
93600 62176 45231.8 33461.4 30441.8 33659.6
93700 61987.4 43467.6 31933.2 29091.4 34529
93800 64646.4 45833.4 33761.8 29680.8 36555.2
93900 64048.8 43800.2 30345.2 28485.2 34596
94000 62148 44259.6 31537.8 29008.2 36202.4
94100 61599.4 44032.8 30251.4 28211.2 33612.8
94200 63369.8 43933.8 33037 29729.8 35051.4
94300 65137.8 45572.4 33141 29961.4 34473
94400 65640.2 45749.6 32550 29225.4 34962.2
94500 64232.8 44842.4 33772.2 30285.6 36550
94600 67654.2 46390.2 35397.2 30810.8 37240.6
94700 66378 45312 31945.4 30998.8 35389.2
94800 63667.4 45128.6 33711.6 29777.6 35850.6
94900 65370.8 45502.6 33585.2 30058.8 36266
95000 65760.6 45717.8 32708.6 29189.4 34812.6
95100 66364.8 48968.6 32476 30215.6 36538
95200 64678.4 45332 32889.2 29763.8 37143.2
95300 68109.6 46288 34760 29843 36999.6
95400 63690.2 43634 33169.6 29925 35682.2
95500 68022.2 79971 53530 35329.8 47253.8
95600 72636.8 50507 33656.8 31249.4 39669.8
95700 81943.4 47447.4 34878.4 35351.6 46896
95800 75918.4 52602.2 39955.2 32897.8 39160.2
95900 65501 43449.6 31833.2 28604.4 35196.2
96000 64189.6 45140.8 32911.8 29644.2 37619.2
96100 67689.4 44044.6 32523.6 28508.2 34955.2
96200 64770 42676.2 31298.4 28636 34854.4
96300 65803.4 45590 33508.6 28265.4 34955.4
96400 65578.6 44103.4 32586.6 29110 35005.2
96500 63073.2 43867 31476.6 29907.6 35761
96600 65404.2 44480.8 32035.4 30019.6 36102.2
96700 68402.8 46073.4 33552.8 29341.8 36844.6
96800 65177.6 42526.8 31670.4 29653 35777.4
96900 66050.6 43391 34097.6 29973.6 35112.6
97000 66426.4 44644.8 32268.4 30575.8 38850.4
97100 68731.6 44186.6 32667.4 29876.4 38109.8
97200 66997.8 42867.6 33955.2 29127.2 35821
97300 64756 42227.8 33740 30733.2 38476.6
97400 64503 42479 33420.4 29681.2 37208.6
97500 69035.4 45191.4 34595.4 31731.4 37879.8
97600 64108 41929.4 33095.6 30184 37221.8
97700 68259.4 45351.8 34754 30052.8 38652.2
97800 66174.6 42834.6 33146.2 29052.6 35558
97900 66593.6 43963.4 33419.2 29231.6 37423.8
98000 69672 44435.4 32401 31178.8 38164
98100 67264.4 44893 32132.2 30726.8 38635.2
98200 70213.6 43456.4 32532.2 31020 36274.4
98300 68306.8 44071.8 32588.2 31517 39507.2
98400 71150 43941 32566.4 29410.6 36217
98500 69705.4 44680.6 34502.6 30856.8 39408.4
98600 70837.8 42817.4 32267.2 29532.6 35722.8
98700 67340.4 44673.6 32487.6 31886.4 39084
98800 72779 43250.2 32331.4 29454.6 37008
98900 70058 44914 33232 31688.6 38672.8
99000 68103.8 43693.6 33311 30196.2 38276.8
99100 69623.4 41775.8 33532.2 32566.6 38840.4
99200 69910.2 42897.6 31301.8 30113.2 37367
99300 71338.4 44595 32911.8 31056.8 38603.2
99400 73215.6 42852.2 33833.2 34624.4 38475
99500 68755.8 44659.2 34823 32174 39260
99600 70672.4 45214.8 33406.6 30251.6 37143.2
99700 67322 42414.6 32133.2 32856 40238.8
99800 70842.6 43728.6 32167 29399.6 37072.4
99900 68442.8 42755.4 33032 32387 38924.6
100000 68467 43667.4 33495.4 29727.4 38214.6
