500 216.6 124.4 89.4 84.2 61.8
600 223 140.4 102.2 100 77.6
700 318.2 243.4 171.8 122.4 104.2
800 408.2 320.4 165.4 178.2 184.6
900 537.2 297.2 184.6 212 162.4
1000 529.6 347.6 228.8 193.8 172.4
1100 494.8 288 223.2 209.6 178.8
1200 525.2 322.2 243.6 221.8 169.2
1300 795.4 349.2 317.4 282 200.8
1400 701.2 574.6 368.6 331.8 225.8
1500 1081 602.4 464.4 328 272.4
1600 1261.2 563.2 511.2 377.2 275.8
1700 1295.8 758.8 507.6 351.2 315.8
1800 930.8 582.8 409.4 327.8 313.2
1900 1062.8 611.6 401.2 353 303.8
2000 1024 743.8 438.6 641.4 312
2100 1049.8 667.2 500.2 434.4 385.4
2200 1034.2 662.8 502.6 448.6 425.8
2300 952 633.2 448 572 371.6
2400 1109 699 474.8 546.6 443
2500 1199.2 748.6 562.8 573.2 474.6
2600 1234 854.2 639 587 482
2700 1216.6 979.2 726.6 503.8 470
2800 1346.8 1025 720.2 731.8 526
2900 2756.6 2043.2 882.6 945.4 1003.8
3000 2169.2 1772.6 785 672.6 513.4
3100 4114.2 1316.2 1424.6 675 628.6
3200 2135.2 1338.4 1395 1276.6 1050.8
3300 3502.8 2123.8 1628 1192.6 1152.4
3400 2089.4 1758.2 1212.8 957.8 718.4
3500 2267 1386.4 926 810 1068.6
3600 3591.4 1935.8 1032.8 926.2 869.6
3700 2294.4 1476.8 1002.6 839 853.6
3800 2288.6 1348.2 1227.2 829.2 856.6
3900 2636.8 2027.8 991.8 975 874.2
4000 2263.2 1743 1894.4 1139.4 905
4100 2840.6 1540.6 1135.4 1144.6 903
4200 4708.2 2251.6 1497.6 982.6 828
4300 3089.8 1432 1264.4 1619.6 1154.6
4400 2240.4 1571.4 1139 1226.2 1358.6
4500 2661.2 1550.4 1645.4 2073.2 1244.4
4600 3866.4 2977.8 1504 1579.4 1108
4700 2419.6 1704.2 1270.8 1250.4 1044.6
4800 2584 1827.8 1270.8 2273.8 1039.2
4900 2751 2088.6 1292 2361.2 1076.8
5000 2610.8 1730.4 1337.6 1300.4 2174.6
5100 2909.6 1663.8 1342.8 1838.8 2030
5200 4364.8 2373.6 2307.2 1999.8 1141
5300 4484.8 2130 1681.8 1845.4 1148.8
5400 3340.8 2333.4 1830.4 1316.2 1158.6
5500 3335.8 2484.6 2352 1501 1377.8
5600 3715.8 5503.2 1682.6 1811 1888.6
5700 3800.4 3013 1858.8 1913.4 1149.8
5800 4594.4 2705.6 2452.2 2779 2240
5900 4029.2 2760.8 2178.4 2741.4 1183.2
6000 5299.2 4234.4 3876.6 1521 1349.8
6100 5420.6 2656.6 1975 1515.6 1204.8
6200 6320 3807 2107.4 1495.4 1334
6300 5747 2535.6 1886.4 1486.4 1268.8
6400 4776.4 2917.2 1989 1504.4 1391
6500 5477 2838.6 2673 1979.4 2031.4
6600 5072.6 2877.2 3037.4 1647.8 1646
6700 5722 3353 2114.2 1611.4 1649
6800 7238 2926.4 2140.4 2207.4 1778.6
6900 4882.4 2946.4 2484.8 3242.6 2196.2
7000 4716.4 2952.6 2177.4 2103.4 2200.2
7100 5072.2 2904 2217.4 1786 2530
7200 4718.2 3048.6 2238.2 2173.8 1788.8
7300 4750 2913.6 2269.2 1830.8 1799.2
7400 4771 3070 2259.4 1964.4 2012.6
7500 6498.6 3057.4 2351.2 1851.2 1917
7600 4833.2 3428.4 2318.2 1857.8 1865
7700 4930.2 5522.8 2338.6 1853.2 1905.4
7800 5686.2 3148.4 2423.2 2932.6 1820.4
7900 5078.8 5728.6 2583.8 2335.2 1951
8000 4950.2 3352 2941.6 3923.6 1964.2
8100 4874.4 3211.8 4015.2 2415.8 2319
8200 5001.6 3687.6 2456.6 2615.6 1994.2
8300 4985.4 3311.4 2427 2482.4 2024.4
8400 7399 4476.6 2631 2751.4 2062.2
8500 5932.2 3433.2 2558.8 2569.2 1998.2
8600 4867.2 3300.8 2485.8 4049.4 1995
8700 4851.6 4690.6 2549.4 2766 2711.6
8800 4624.6 3218.8 2433.2 2794 2139.4
8900 5705 4125.2 3107.2 2610.8 2391.4
9000 8089.6 3993 3711.8 4585.6 2746.2
9100 6678.6 3388 3526 3874 2634.4
9200 5860.8 3675.8 4043.2 2702.4 2237.6
9300 6256.4 5743.8 4111.4 3142.2 2245.2
9400 5327.6 3567.6 2693.2 2864.8 2273.8
9500 5365.4 4172.6 2938.4 2743 2257.8
9600 5517.6 5361 4715 3359.8 2338.6
9700 5401.2 3622.8 2888.2 2799.6 2258
9800 5438 3927.4 3130.8 2841.8 2500.6
9900 6257.2 3709.6 2883.2 2816.2 2540.6
10000 5748.6 3580.4 2807.8 4159.2 2409.2
10100 6438 6175.2 3941.6 3946.2 2472.6
10200 6823.6 3943.6 3326.8 3399.2 5109.4
10300 5538.2 3887 3230.4 2937.6 2440.6
10400 7143.6 4531.4 3277.2 3057.6 2515.8
10500 6753.6 4358.2 3397.4 2958.6 2524.8
10600 7589 5432.8 3601.4 2965.2 3695.4
10700 7141.2 6202.8 3986.6 4071.6 2610.2
10800 7128.8 5081 3825.8 3798.8 2581.6
10900 6778.6 5089.6 4398.4 2951.4 2593
11000 9678 5428.8 4632.2 3056 4720
11100 7114.6 5768.6 3804.2 3595.6 2511.8
11200 9467 7204.4 3987 3267.6 2684.8
11300 8254.8 7164.4 3925 3964.6 2680.6
11400 8650.2 5798 5243.6 4060.8 3068.8
11500 10714.4 7051.6 5987 3209.4 2726.8
11600 9397 6525.6 4045.2 3839.2 2721
11700 9013 6763 4100.4 3305.2 3014.4
11800 9481 5780 4269 3289.8 2876.2
11900 11088.4 6779.4 4159.4 3301.2 2954.6
12000 9925.8 5855.4 5331 3331.2 2894.8
12100 9389.4 7783.6 4529.8 3332.6 3734.2
12200 10111.2 6694 7195.8 3222.4 2932.6
12300 9527.2 6089.6 4260 3316.2 2962
12400 11543 8140 5123.2 3402.8 2859
12500 9380.8 6046.6 4182.6 4224.8 2966.4
12600 9286 5983.2 4310 3471.8 3914.8
12700 9219.8 5877.4 4367.4 3491.2 2974.4
12800 13141.8 6181 4332.4 3503.2 3112.2
12900 10916.4 6348.2 4813.4 3438.8 5642.6
13000 11459 6395.2 6455.8 3576.4 3501.4
13100 9228 6142.4 4883.2 3498.4 4571
13200 9453.4 6007.4 7897.8 3606.8 3706.6
13300 14216.6 7789.4 5083.8 3630 3642.4
13400 11027.8 8101.4 4504.4 3543.2 3561
13500 9900.8 6052.4 4480.4 3652.6 3680.4
13600 11892.6 6331.6 4457.4 4428.4 4042.6
13700 9823.6 6098.4 4588.2 4096 3647
13800 9963 6151.2 4722.2 3620.8 3732
13900 9634.6 6175.6 4623.8 3985.4 5597.6
14000 9916.4 6165.2 4721.2 3662.8 4084
14100 13353.6 7025 5230.8 4829.4 3812.2
14200 10185.4 6283 4675 3825.8 3865.8
14300 9846.2 6863.8 4598.2 3316.4 3846.8
14400 10893.6 7903.6 4713.6 3890.8 4227
14500 12922.2 6744.4 4835 3898.2 5093.6
14600 10378.8 7217.6 4816.2 3817 4342.6
14700 11159.2 9089.8 4726.8 3916 4144.8
14800 11163.2 6324 4845.8 5648.4 4214.8
14900 12211.6 6424 5791.4 3978.4 3917.2
15000 10642 7013 5006.4 4051.8 4043.4
15100 9821.2 6364.2 7100 4650.2 4209.8
15200 9970 6528.2 6455.6 4111.4 4124.4
15300 10637.4 8953.8 5057.4 4056.2 4402.8
15400 10021.8 6577.4 5018.8 4058 4294
15500 13347.6 7483.4 4975.6 4354.4 6057.8
15600 11341.8 7274.8 5144 4462 4183.4
15700 12357.8 6957.8 6316.8 5342.8 4329.4
15800 11086.2 7051.4 5012 6120.4 4229.8
15900 10026.2 7793.4 5546.4 6022 4199.6
16000 10260.8 6852.4 5421 5130.2 4641.6
16100 10379.8 6770 5813.4 8313.8 4275
16200 10691.2 7326.4 5197.4 5266.6 4321.4
16300 11005 6998.6 5188 5154.6 4332.6
16400 10166.8 12127 6370 5232.4 5940.4
16500 11876 8458.6 5297.6 5241.2 4382.4
16600 10625.4 7008.2 6185.6 5238.6 4967.8
16700 12519.4 6833.6 5339 5326 4701.6
16800 10621.6 7330.2 7485.2 5305.8 4420.2
16900 11744.2 8233.8 5361.2 5643 4402.8
17000 13259 7323.2 5144.6 6169.8 4556.4
17100 14534.6 8511.2 5425.6 8958 4879.4
17200 12192.6 8503.8 6724.6 7627.2 6401.8
17300 11686.6 7778.2 5782.2 5367.4 6553.2
17400 11572.2 6830.2 9430.2 8937.8 5336.2
17500 11864.6 9061.4 5806.4 5921.2 5960
17600 12400.4 7132.2 5573.6 6114.2 4695
17700 11166.4 7703.8 7776.4 5582 4731.8
17800 11393.4 7228.4 6631.6 5583.6 7205.2
17900 11112.8 8452.4 5986.6 6394.6 6672.8
18000 11701.2 12097.4 5848.6 5843.2 4738
18100 11635.2 7218.8 7080.8 6486.4 5408.2
18200 10832.2 8936.2 5896.2 5764.4 4856.8
18300 11031.2 7709.8 7380 6088.2 5364.6
18400 14117.8 8857.8 5859.4 5740.2 5115
18500 12248.8 8746.6 6257.6 5766 5334.6
18600 11086.6 8779 5798.6 6067.2 4890.6
18700 12002 7566.8 8253.8 5833.8 5106.8
18800 14251.6 8679.6 8023.6 5861 5317.6
18900 12513.8 7581.6 5809.4 9717.8 4964.2
19000 12483.8 7593.8 8424 6165.6 4972
19100 11573.4 7539.4 5939 5943.6 5042.6
19200 12074 7591.4 6884.4 6725.6 6176.6
19300 11341.4 7679.2 6053.6 5934 5177.2
19400 11785.8 7534.2 5963 5997 4877.6
19500 11171.8 7575.8 5995.8 6047.6 5131.6
19600 12483 7603.6 7513 10568.2 5595.2
19700 15544.2 7899 7010.4 7370.8 5155.4
19800 13251 7824.4 6702 8489 7124
19900 14075.6 8568.4 6004.8 7280.2 8704
20000 11292.4 7487.2 7927.2 6580.8 5832.2
20100 12242.8 11268.8 6111.2 7052.8 5289.4
20200 12555.6 7862.4 6043 10492 5351.8
20300 12536.2 8805.6 8683.2 7427.8 5293.4
20400 14317.4 8059.8 6591.6 6011.8 5083.2
20500 16453.8 7957.4 6392.4 6286.2 5406.8
20600 13261 7963.4 6904 6210.6 5443.4
20700 14343.2 8054.6 6510.2 5891 7430.2
20800 11672 8137.2 7861.4 8058 5310.2
20900 12266.4 9158.2 9008.2 6748.6 6933.8
21000 13714.6 9531.4 7367.4 7344.4 5798.6
21100 14816.4 10955 7608 6880.8 5369
21200 13447.2 13771.6 8572.6 6410.2 5210.4
21300 14160.8 9905.2 11863.2 6518.4 5622.4
21400 13871 9999.2 7959.2 6309.6 7278.2
21500 21030.6 9495.2 8510.8 6340 5274.2
21600 15036.8 10366 8624.8 6669.6 7663.2
21700 14938.2 10723.6 8336.2 8355 5863.2
21800 14267.4 15565 8186.2 6830 5643.2
21900 16237.4 10969.4 8364.6 7066.8 6158
22000 14488 11349.4 10532.4 6564 5880.4
22100 16659.2 12750.8 9111.2 6829.8 5962.6
22200 16460 12067.2 8819.2 7201.8 5803
22300 17956.6 12591.8 8394.2 6725 6553.2
22400 18651.2 15564.6 8419.2 7625.2 7477
22500 15465.6 12260.4 11701 8668.2 7284.4
22600 16011.4 12119 9599.6 6654.4 6806.2
22700 15771.8 12422 8556 6833 6087.6
22800 15623.4 12898 8901.6 7180.4 6947
22900 16332.6 13491 8536.2 6881.4 6187.4
23000 16456 14967.8 8803.8 6761.4 6539.8
23100 17149.6 12964.2 9219.2 7252.2 6379
23200 17063.8 12210 8630.6 6942 5999.6
23300 18408.6 11947.6 8799.6 9762.4 6048.4
23400 17146.6 16509 13419.8 6984.4 7049.6
23500 17649.2 12407.6 10535 7034 6117.2
23600 20491.8 13632.6 8518.6 8974.2 6154.6
23700 19519.4 12365.4 13775 7446.2 7364.4
23800 17480.2 14127.6 8944.8 9436.2 6150.4
23900 17927.6 14615.8 10702.4 7317.8 7864.2
24000 17835.6 12928.8 9174.6 7726.6 6549.2
24100 18435.2 11804.2 8880.2 6868.8 6638.4
24200 18061 15136 10538.6 7155.8 6986.6
24300 18125.2 12073.2 9754.4 7067 6363.8
24400 18094.4 13404.4 9330.8 7797 8571.8
24500 18941 12218.4 9040.4 8277.8 7826.8
24600 20250.2 13859.8 9037.6 6970.8 6848
24700 18896.6 12276.8 10600.2 7352.6 6736.2
24800 21494.4 13614.6 10064.2 9349.8 6040.4
24900 18801.2 13497.2 8894 9903.2 6562.2
25000 20730.6 11834.4 11243.4 7408.8 10383.8
25100 21491.6 12671 9464.6 7447.4 7131.2
25200 18978 13339.4 10178 7844.8 6832
25300 18821.4 13286.6 10070.8 7382.6 6775
25400 19314.2 12338.4 9552.2 7459.6 7202.4
25500 21613.6 12189 11885.8 7487.4 10420.6
25600 22599 12943.2 9297.8 8127.6 6633.4
25700 19722.2 13274.8 9271.2 8191.8 9651
25800 21648.2 15989.4 9342.6 7583.8 6968.8
25900 19551.8 12431.6 9793.4 7703 9045
26000 19565 13078.4 9610.6 8985.4 7353
26100 21349.4 12918.2 9988.4 9814.8 10542.2
26200 21416.6 13880.2 9540.4 7723 11029.2
26300 21748.6 13127.8 10945 7865 7793.4
26400 20870.6 15104.2 9470.2 8556 7441.4
26500 19843.2 12886.6 11263 10026.2 7949.2
26600 19396 13901 9578.2 10242.8 7958.2
26700 24246 15468.4 9182.4 7904 8525.8
26800 21226.8 13378.6 11066.4 8323 7816.8
26900 20640.6 13896.6 12455.2 8146.2 7714
27000 20105.2 12481.8 9607.2 8299.4 9576
27100 19361 12842.2 17091.2 9555 13804.4
27200 19984.8 12707.4 9619.2 8622 7675
27300 21095.6 12916.2 10657 7879 8033
27400 21071.6 13055.4 10250.4 8035 8840.2
27500 19824.8 20016.2 9761 8183.6 8632.8
27600 23378.4 16277.6 9720.4 9178 7838.4
27700 20085.4 13330 9690.2 7943.2 8100.2
27800 21352.6 12567.8 10001.8 8621.4 8109.8
27900 19728.4 13493.8 9756.2 10532.8 7961.8
28000 20887 15282 9698.2 8142.2 8773.6
28100 23739.4 13378.8 9764.2 9132 8800.4
28200 21247.6 13976.4 9908.8 8192 10595.6
28300 21612.4 14322.8 10495.2 11550.6 13599.6
28400 23584.2 20666.2 10375.4 9217.4 8880.6
28500 23687.8 16248 9978.2 8295 11095.2
28600 21506.4 13264.4 13501.2 9167.4 10316.4
28700 21837.8 14011.2 10352.6 8262.2 8089.4
28800 21745 13606.8 10485.8 8932.8 8388
28900 23754.4 15399.4 10466.4 12321.8 13093.2
29000 21796.2 14752.2 11560.2 10139.4 8296.2
29100 20963.8 15484 10523.4 10331 9130.8
29200 20496.4 14950.6 10921.2 8337.8 8909.4
29300 19567 18161.4 11851.6 8992.2 9186.6
29400 23860.4 13448.2 10484.4 9130.8 9358.6
29500 26736.2 14255 13582 11102.2 10011.6
29600 29751.2 18358.8 12842.8 14607.8 8563.6
29700 21213 13954.2 11632.6 10364 8943.4
29800 23514 15569.6 12216 9766.4 9244.6
29900 21536.6 14819.4 12320.8 9545 12662.2
30000 25400.6 22662.2 12391.2 12744.2 9611.8
30100 23460.8 21078.4 12204.2 9276.8 10846.2
30200 26046.2 17638.2 10916.2 9164.6 9093.6
30300 23173.6 15162.8 11446.2 8464.6 10508.8
30400 27148 18420.2 10710.8 8834.4 8575.8
30500 24699.2 13476.8 10598.4 9206.4 8783.4
30600 21256 13898 13318.8 10209.2 11281.2
30700 20679.6 15994.4 10675.6 8836.6 13516
30800 21767.6 13691.2 10839.8 10073.2 9273.6
30900 21375.4 16762.6 11122.4 9458.4 9147.6
31000 26666.6 13496.8 11757.4 9150.8 8961.4
31100 22140 15530.4 13020.6 14571.8 9107.2
31200 20780.8 15094.8 12511.2 9679.4 9287.2
31300 21979.4 15159.4 10723.6 10087.4 8900.6
31400 21517.6 14965 10907 10619.2 9730.4
31500 21032.8 14464.2 11064.2 10602.8 10342
31600 24814.4 15479 10850.8 11293.4 9026
31700 22176 13666.8 10942.8 11010.4 9139.4
31800 22391.2 14458 10901.2 11003.8 9278.6
31900 20996.8 16988.4 12654.6 11100.2 9701.2
32000 21565.4 14796.2 12954 11396 11700.6
32100 24036.8 14414.2 11148 11113.4 9226.2
32200 22569.8 16590.8 14835.4 11378 10083.4
32300 21036 15509.4 12272.6 11728 9209.4
32400 21598 17676.6 11945.8 11194.2 10470.4
32500 23168.2 14581.4 11104 11027.8 11525.4
32600 21262.8 14464.4 14232.8 12157 12055.4
32700 23138 15739.4 11070.2 14578.4 11023.4
32800 22326.2 17711 11060.2 11450.8 9699.6
32900 24079.8 15208.2 10890.4 10986.4 10694.4
33000 23025.8 16341.4 11399.4 11337.2 9091.4
33100 22444.6 14761.2 11637.4 12419.4 11037.2
33200 21475.4 14714.6 12159.6 11845.2 9456.8
33300 23460.4 15319.4 13473 13057.2 9475.2
33400 24656.4 14716 13995.4 11293 9721.8
33500 23035.4 14942 12706.6 11110.2 10068.2
33600 23503.2 15363.2 11697.6 11296.2 10729
33700 21299 15163 11247 12237.8 10836.4
33800 21802.4 17810.6 12464.4 11829.6 10100
33900 26089 15772.4 11772.6 12487.8 9748.8
34000 25788.6 14982.4 14539.6 12855.8 11720.4
34100 23424.6 16081 12051.4 11975 10603
34200 22832.8 14727.2 11980.6 12186.2 10152.4
34300 23776.8 15865.6 12169.8 11624.8 11017.4
34400 31101.2 22442.4 11982 11831.6 11398.6
34500 22104.8 15151.2 12212.2 12099 11878
34600 23419 17549 12963 12349 9957.6
34700 26013.6 18272.4 13508.8 12138 10064.6
34800 22270.4 16329.2 12598.2 15518.6 10119.8
34900 22556 15049.4 11651 11730.2 9890
35000 23190.6 16829.6 11812 17353 11218.6
35100 23476 15494.2 12788.2 13254.2 13060
35200 25749.8 15021.4 16984.6 11934.8 10721.4
35300 23367.2 15123.6 14171.8 16119.4 9958.8
35400 23242.6 15471.6 12847.4 15958.6 10834.8
35500 25331.8 15461.6 12279.8 12162 10028.2
35600 26089.4 15586.2 14737 11343.8 10266.8
35700 26774 22813.4 12100.2 12813 13945.8
35800 23868.4 17341 15382 12515 12151.4
35900 21775.4 16740.8 12037.2 14677.2 10349.4
36000 24598.6 14693.2 13043 11809.4 10743.4
36100 23500.2 16249.8 11994.6 14382.2 11358.4
36200 22836.4 19441 12904 15047.2 11524.6
36300 22002.2 15276.6 12781.4 12075 10863
36400 22913.2 18443.8 12048.6 13698 10438
36500 23554.8 15820 12152 14322.8 10616.4
36600 25241.4 17283.4 13306 15174 10909.2
36700 23005.2 15730 12304.4 12290 11233.8
36800 25268.4 15363 12324.4 12722.8 10381.4
36900 24586.2 18269.8 12460.2 12002.4 10229.2
37000 23096.2 15733.4 12193.6 12450.6 10729.2
37100 24916.8 16423.4 12849.8 12369.4 13609.6
37200 22289.6 18658.6 12252.8 13477.2 10784.6
37300 25344 17182.2 13228.2 13825.8 12157.2
37400 22822.2 15610.6 13205 14625.8 10935.4
37500 23394.6 15721.6 15529.8 12089.6 12473.8
37600 22906.6 20546.4 13891.8 14126 11315
37700 28045.2 18919.2 13326.4 13505.6 11400.8
37800 23294.6 15794 12487.4 13019.6 12678.4
37900 23089.4 16696.4 13352.8 15026 10736.8
38000 28824.6 17236.6 12538 12674.2 10706.4
38100 27256.2 20095.6 13000 13250.2 12347.4
38200 27098.8 18308 13094.4 13468.8 10776.2
38300 23399.4 16299 13851 14764.8 12052
38400 24547.2 22995 12886.4 13697 12805.2
38500 26469.6 15846 13016 13249.4 10822.6
38600 27827.2 16618.4 13282.2 15021.2 12197.6
38700 24015.8 16514.8 13903.8 12991.6 12139.8
38800 31034.8 18427 12654.4 15880.4 14833.4
38900 23191.6 16360.8 16402.8 13494.2 10768.8
39000 25092.8 17856.8 12870.2 14106.4 11790.6
39100 23668.4 15883.2 14429 12697.8 12510.8
39200 24086.6 16731.4 13417.8 13260.4 12337.6
39300 25404.8 23727 13438.2 13969.2 12793.4
39400 24933.6 16905.6 12735.4 17343.6 12563.4
39500 25724 16705.4 13809.2 12901 11153
39600 27069.8 20925 13038.6 15864.6 13101.8
39700 27442 16191.4 14755.6 13796.2 12100.6
39800 24026.8 18609.6 15689 12925.2 11537.4
39900 25543.4 17832.6 13064.6 17077.6 11297.2
40000 29600.4 19454.2 20243.4 16064 11516.4
40100 26548.8 18136.6 13197.2 13123.4 12135.8
40200 23586.4 17590 14811 12993.2 11345.4
40300 23780 17092.2 13474 13086.8 11909.8
40400 23925.8 17298.6 15385.2 14426.6 12628.2
40500 25464 16543 16491.8 14129.4 11335
40600 24939 18065.8 12998.4 13281 12878.4
40700 24987.8 17771.6 13986.2 14529.6 11432.8
40800 27360.4 18088.2 22708.2 18095.2 11541.8
40900 23527 16950.6 15618.6 15202.2 11668.6
41000 25547 16660 16411.4 13268.8 12268
41100 24578 19934.6 13820.2 13423.8 12045.4
41200 25245 17796 14153.8 21519.2 12549
41300 28798.8 19678 14435 13570 13460.8
41400 32488.4 20369.4 16406.8 14374.2 11712
41500 28508.2 20307.6 15109.4 15115 12088.8
41600 25436.2 18677.4 14881.8 16071.2 12580
41700 24932.6 18401.6 16142.6 15744.8 11761.6
41800 30205.6 18439.4 14925.4 16165.6 13296.2
41900 26350.8 19822 21142.2 15111.4 13316.8
42000 31524.6 20611 21263.8 13859 12643.8
42100 28216.2 21517.4 15896.8 13761 12915.4
42200 27320.2 19186.4 15422.4 15231.6 12348.4
42300 26319.2 19715.8 16356.8 13915.6 11789.6
42400 32609.2 21244.8 17656.6 13847.4 11675
42500 27799.4 20307.6 17957.8 14103.4 13025.6
42600 27714.4 22076 22695.4 14057.6 11963
42700 34844.8 20986.2 18490.4 15359.4 15944.6
42800 28022.6 20239.6 19111.6 20035.6 11908.6
42900 31415.8 26295.2 20673.2 14323 12198
43000 36528.2 21489.2 18817 16289 12635.6
43100 31037.4 24087 17988.2 15859.8 12318.6
43200 28654.8 21758.2 17155.8 16492 12300.4
43300 31846.2 26399 17434.8 13815.2 12365.4
43400 31901.6 22136.6 17902.6 14973.6 13017
43500 29928.2 25394.6 18980.4 14071.2 12322.8
43600 30039 27456 17256.4 14895 12186.6
43700 31774.6 22528.4 19468.8 14463 14190.8
43800 32529.8 25269.4 20552 13861.2 12834.4
43900 31335.8 24320.6 17758.6 18357.6 11690.4
44000 29721.8 23438.8 20522.6 16327.2 13311
44100 30256.8 23546 17348 16271.6 15397.8
44200 31581.2 23768.4 19218.6 15443.4 12466.4
44300 32204.8 25095.8 17698 14359.8 12993.2
44400 30797.6 24996.4 19363.8 14862.6 14698
44500 32421.8 25568 21689.6 17016.6 16224.2
44600 32705.8 26806 18880.8 15290.6 12517.4
44700 30365 24074.8 17797.4 17873.8 12563
44800 33069 32885 18381.2 16899.4 13801.6
44900 32559 26341 18685.8 16923.8 13091
45000 32241.8 26967.4 22018.8 15527.4 12611.4
45100 33121.6 30186.6 24595.6 14584.6 16047.6
45200 34290.6 28584 22725.8 16293 12971.6
45300 37099.6 32989.8 18371.8 17855.2 15371
45400 36054.8 26760.6 28387.8 16371.4 22917.4
45500 39744.4 37108.8 28984.4 17199.2 17882.2
45600 40303 35709 18277.8 15564.4 13917.4
45700 34448 27848.8 17953.6 14751.8 12790
45800 33720.8 28241.4 17758.2 15481.2 13206.6
45900 36863.2 26384.8 18366.6 15669 12848.2
46000 33983 25738.4 18805 15087.8 13587.2
46100 35728.8 28932.4 18477 15834.8 13016.4
46200 34864.4 28222.2 17803.4 15541.6 13171.4
46300 36245.6 32044.4 18462 18610.6 13231.2
46400 33720.6 26560.8 18496.2 15265.6 14159.2
46500 40474.6 30167.4 21174.6 16535.4 18665.6
46600 46720 28999 18063.4 25698.8 15722.2
46700 39833 33218 21512 15638.2 13912.6
46800 36812 30166.4 18347.8 17813.2 19539.6
46900 42164.4 37537.6 21909.2 20449.6 15093.8
47000 42713.8 31276.8 24197 17592.2 14286
47100 38473.6 31977 18521.2 17368.2 13467.4
47200 38118 25584.4 18551.8 16923 15798.4
47300 38010 32246.2 23152 16505 13266.4
47400 49514.8 35160.8 19591.6 15946.2 22216.4
47500 39200.6 26811.6 19243.6 15036 14881.2
47600 36208.6 28736.8 25395.4 15296.2 13301.2
47700 41352.2 33244.8 18793.4 17207 13480
47800 36247 27358 19457.2 17269.8 14872.6
47900 42198 26822.4 20594.8 17912.2 16591.8
48000 42526.2 25409.6 19708.2 19239.6 14075.2
48100 43457.6 29351.8 22235.8 16213 13640
48200 40936.2 29781.8 24001.2 15483.4 21221.2
48300 49001.6 27229.4 18492 16108.2 19020.4
48400 42973.6 32209.4 23004.8 16894.2 18163.6
48500 39638.2 26436 19962 17106 15807.6
48600 39488.2 29104.6 25898.6 16077.8 13613.4
48700 38418 24745.6 18914 15439.4 15256.2
48800 42555.8 26315.4 19621.4 17837 15035.8
48900 43542.8 25421 21855.2 17056.4 13716.4
49000 42922.8 33684.2 21687.6 20903.6 14115
49100 40323.2 26761.8 21005.8 16511.4 20319.8
49200 40751.6 27386.2 21904.4 16065 13918.6
49300 40064.8 28072.2 19625.8 15977 18368
49400 38483.2 26360.6 21660.6 16841.8 16562.6
49500 43554.4 31894.8 22117.4 20734.8 15266.6
49600 43434 30500.8 19362 17349.6 13921.4
49700 51350.2 26406.6 23761.2 17834.6 18348.8
49800 45659 25741.6 18970.8 15996.8 14619
49900 42672.8 28786 20966.8 21480.2 15360.6
50000 42926.6 28040 23009.4 15892.4 17091.4
50100 40960 28792.2 23370.2 15587.6 15098.4
50200 44216 25758.6 22376.8 20373.2 16474.6
50300 44837 27587.6 23295.4 17526.2 15095.2
50400 43195.6 26749.4 22334.8 16032.8 14702.6
50500 40433.8 28160.8 19543.8 16208 14696.8
50600 45220.4 28009.4 20422.8 17262.6 14375.4
50700 42277.6 29505 19590.6 19445.8 16013
50800 45018.6 26705.4 23086.6 18265.2 16975
50900 46245 30150.4 21070 17488.4 14866.8
51000 42154 27424.2 29332.6 21617.6 14491.8
51100 42124 34510.2 21471.8 22097.2 14132.2
51200 43291 29911.4 23336.6 17136.2 19176.6
51300 40478.8 26955.4 21045.6 16377 17680.4
51400 43232.8 27293.4 28617.8 22460.4 14971.6
51500 46968 27128.8 20578 17717.8 18270.6
51600 47118 30720.4 25581 16537.8 17148.2
51700 42729 29947.4 22944 16837 16165
51800 45015.6 26395.2 21984.6 19039.6 16455.6
51900 43599 31316.4 20614.6 17011.4 15979.4
52000 52037.8 32215.2 21043 17802 18275.4
52100 46684.2 27116.2 20511.6 19072.2 17762
52200 40737.4 26189 24469.2 23809.8 16176
52300 51675.4 32499.6 21409.4 19863.2 19510
52400 48719.6 29565.6 22469.4 25578.4 24686.6
52500 45669.4 34779.6 22801.2 17878.2 18409.8
52600 43204.6 29558.2 24498.8 19224.4 16785
52700 52119 31859.2 23058 18363.4 18700.8
52800 44789.4 28508.4 21694 20310.2 17713.4
52900 43082.8 26615.4 21548.6 17348.8 17798.4
53000 43256 29991.6 23675.8 17996.8 19507.4
53100 44771.6 31778.2 22490.8 17117.4 17292
53200 42365.8 30742.6 21614.2 19484 16392.6
53300 42645 34030 22325 16400.6 17816
53400 42790 30502 22137.6 17526.4 17491.8
53500 40520.6 29210.2 20805.6 21994.4 17498.8
53600 46284.6 37177 25725.8 21566.8 18142.8
53700 46166.4 27245.6 25238.2 16600.2 17113.8
53800 40438.6 29350.8 24765.2 18482.4 21826.6
53900 40934 29086.4 34193.8 19150.4 21646.6
54000 48211.2 26605.6 26799.8 19049.6 17283.6
54100 44120 30730 23651.8 16572 18873
54200 45691.4 30813.8 20721.2 19211.4 17060.4
54300 41469 31720.8 26779.2 17794.4 20350.6
54400 46620.8 33946.4 20989.4 19736.8 17492
54500 49604.4 28301 21604.2 20286.4 19736.6
54600 42509 29453.8 22874.6 19120.2 20750.6
54700 45327.2 30740.8 20907 18823.8 23323.8
54800 47126.8 27875 24328 17698.4 20654.6
54900 44550.4 32533.8 22409 19817.2 18083.6
55000 48774.8 33917 23125 23000.8 17339.8
55100 43475.4 28685.4 24818.8 17748 17366.6
55200 43146.6 32559.8 23309.8 17972.8 17190.4
55300 44269.6 27795.8 23196.4 17537.8 17222.4
55400 45337.4 28365.6 23365.6 19158.4 19911.6
55500 42445.4 32613.4 26208.4 19529.4 22353.2
55600 44372.6 32302.2 21041.2 17952.4 18778.8
55700 43060 29401.2 21002.8 17654.2 20103.8
55800 41763.4 27583.4 23901.4 19134.6 17416
55900 41599.4 29227 25117.4 22498.6 17620.2
56000 51397 28860.6 25025.6 23240 18539.2
56100 43065.8 33728.4 23353.8 17595.2 17847.2
56200 46134 28000.8 22488.8 19012.4 18944.8
56300 41576.8 27194.6 20893 20052.6 18785.6
56400 41490 29987.4 22337.6 20038.4 17300.2
56500 40802.2 27451.6 22546.4 17454.4 18059.6
56600 42391.8 29139.2 21513.8 18477 18074.6
56700 49524.6 28455.6 22597 18655.8 18259.6
56800 50145 37150.2 21606.2 17438.4 18654.6
56900 43396.8 33015.6 24572.2 21573.4 18308.4
57000 43412.6 31091.8 21417.2 22027 18624.2
57100 43097.8 27496.4 21651.4 17158.8 19031
57200 46885.6 30315.2 22705.6 19607.4 22761.4
57300 57971.2 33113.8 22014.2 26074.8 19320.8
57400 59335.4 31594.4 27345.2 21934.4 23879.4
57500 47826.4 31831.8 24235.2 20370.4 18665.4
57600 44066 28595.6 22360.6 20596.4 18537
57700 53342.6 35621.8 24135.8 20145.2 24768
57800 56264.6 33129 24172.2 18139.6 22407
57900 44910.2 31112.4 24903.2 19055.6 18902.2
58000 43600.8 32501 27647.2 18602.4 21178
58100 49397.8 28775.8 21771.2 18045.8 24211.6
58200 56249.4 44971.2 22771.4 18304.4 18309
58300 45105.6 28416 22369.4 23710 19083.2
58400 44576.8 29197.2 22069.2 22368.8 22620.2
58500 48852.4 29979.2 22032.2 25343.2 19378.6
58600 36671.8 24168.6 20148.6 16696.8 24794.4
58700 47194.8 31477.4 26093.4 18337.8 20129
58800 47424.4 29677 30493 19762.6 18889.8
58900 43097.4 28517.4 25734.8 22270.8 21301
59000 59741.2 30634 25878.6 19818 20636
59100 46354.8 29797.2 22763.4 23311.4 19773.6
59200 49483.8 30300.6 22518.6 29516.2 24676.4
59300 45498.6 30778.6 23196.6 24921.8 18267
59400 65945.2 29412.2 25665.6 21827.2 25224.2
59500 42956.2 31299 22980 22390.2 33840.4
59600 51528.2 33666 26387.4 28098.4 24634.6
59700 49922.8 33060.6 24928.6 19696.6 21888.2
59800 52920.4 28776.6 24069.2 20276.4 18593.6
59900 46356 35476.2 23489.4 18815.4 19212.4
60000 44247.8 28659 33399 22698.8 19294.6
60100 44653.2 37437.8 29765.2 21755.4 20140.4
60200 54516 30895.4 27924.6 20090.6 20411.2
60300 50152.8 32079 23423.8 21465.8 22826.4
60400 46575.4 37513 23425.2 19162 20816.8
60500 44268 31403.8 33766.6 25346.2 20817.6
60600 46768.4 33792 22590.8 20047.8 22399.6
60700 42971 33055.2 25662.6 20265.2 22346.8
60800 42860.8 28746.2 28690 22049.8 24315.8
60900 46836.8 28595 34320.4 21715 26675.2
61000 43632 30212.8 24077.4 22781 21436.2
61100 48780.4 33689.6 24266.8 18704.4 21722.8
61200 47049.6 29576.8 25047.4 20452.8 21824.2
61300 47979.6 36271.6 25427.8 21312.2 19522.4
61400 46140.2 33029.4 24154.8 20642.4 19950.4
61500 50717.4 29139.6 22462.2 19156.8 25516
61600 46955 31241.8 24322.6 22059.8 21660.6
61700 44455.4 32732.2 23683.6 21042.8 21335
61800 63050.8 31602 30192.6 22115 19599.4
61900 47194.8 43866.6 25350 23720 19089.4
62000 48188.4 32823.4 29675 28675 19128.2
62100 51785.4 29820.2 22680.2 21253.4 23118.2
62200 43616.2 31174.8 29736.6 20914.8 20083
62300 51691 34635 23556.4 24300.2 21149.4
62400 45696.2 33767.4 24825.8 22007.2 23266
62500 53628.8 30212 23311.2 21447 19215.6
62600 44573.2 29088.8 26890.4 21998 20360
62700 45061.4 31148.8 28934 26006.8 20400
62800 48798.6 30188.4 23487.2 22282.4 23814.4
62900 43341 34168 22970 21777.2 20660.2
63000 48810.2 35567.8 28526.4 22079.6 21154
63100 43249.4 30271.2 23394.8 23761.4 20097.8
63200 45591.8 32911.2 23784.4 28620 21102.2
63300 47717.6 36923.2 26068 23231.8 21909.6
63400 43491.4 30650.4 24791.2 24716 25945
63500 45148.4 34949.4 24611 24007.6 19529.4
63600 45319.2 29448 26686 24684.2 20023.4
63700 43881.6 31882.8 23234.8 23084.6 19690.6
63800 52080.2 39572.2 27232.2 24127.8 21217.8
63900 44472.8 34482.4 24753.4 23502.6 20622
64000 49516.8 30999.8 28313.2 27107.2 22588
64100 45007.6 36019 26138.8 24230.6 22832.6
64200 52977 37287.8 31027.8 33424.6 20201
64300 47284.4 30576.2 25863.4 28568.4 19940
64400 56045.2 31110.2 29925.2 29553.2 20511.2
64500 65160 48106.8 29876.4 25747.2 23072
64600 48973.4 33011.6 31894 23698.6 30611
64700 61649.8 33801 28486.2 27957.8 21015.2
64800 50137.6 33919 25858.2 25354.4 30832.2
64900 50014.6 30724.6 30548.8 23631.6 20219.4
65000 58591.8 32013 30207.6 27521 23193.6
65100 58076.6 35596 29182.4 23294.6 21933.6
65200 58770 38174 30025.6 28261 32812.2
65300 59070.6 40682 25674.4 27504.4 24613.2
65400 49970.6 30830.4 32489.4 23719.4 24763
65500 48898.4 30965.2 23715.8 30408.2 21292.2
65600 46460.6 30967.6 25477.6 25487.8 19928.2
65700 49295 37361.8 24778.6 30053.8 20331.2
65800 54338.4 35049.8 24051 36661.4 28343.6
65900 51373.2 30550.6 25737.6 25162.2 24471.6
66000 52498.2 30858.8 28199.6 28824.8 24004
66100 45288.6 30000 23490.8 27186 27797
66200 52688.4 32860 23754.4 30477 24740.4
66300 53677.6 35392.8 32367.6 30534.4 25756
66400 47843.6 32134.2 24622 33230 27197
66500 53886.4 32815.2 25146.6 25842.6 19827
66600 53182.4 32454.8 25328.4 24973.2 20893.2
66700 56982.8 36545.6 38515.2 30707.6 20446.4
66800 49044.8 31530.6 25678.8 34063.8 29481.8
66900 52291.8 38505.6 27520 26844.2 22420.6
67000 54635.2 34662.4 24444.2 26406.2 20530.6
67100 49762.4 37335.4 25924.8 23888.2 22351.2
67200 49698.8 35738.4 28752.6 25914 22495.8
67300 51731.2 34301.6 36107 35140.8 23696
67400 44935.8 30672.6 25167.8 27302.2 21732.2
67500 52394.2 32500.4 24877.8 26003.4 23158.6
67600 56245 36781.8 26412.6 25945 22932.6
67700 48510.6 33281.8 26438.6 24840.8 20893.4
67800 45585.4 39019 32280.2 25342.4 21057.2
67900 51037.8 32967.6 25689.4 24007 21609.2
68000 51610.4 35136 24536.4 27965 20699.6
68100 45701.4 31985.6 27360.2 24351.2 21065.4
68200 46871 32440 25680.8 27034.4 20842
68300 46708.6 31626.8 25103.8 24614.2 26009.4
68400 48086.2 34824 28732.2 29547.8 22047.8
68500 50702 43243.8 29532.2 26278 27057.2
68600 55642 33083.2 27668.8 28160 22969.4
68700 55152.2 35847.2 28314.6 27031.4 28121.6
68800 48399.6 32195.6 29683.2 25646.2 23606.4
68900 50822.4 31479.6 25993.8 25208.2 23372.8
69000 46682.6 35607 28696.2 24892.2 20823.8
69100 51508.6 37356.8 24885.4 25495.4 21482.8
69200 48946 30875.2 25050.4 26589.8 24926.8
69300 54601.6 36264.2 26145.4 26127 21614.2
69400 53313.8 31788.4 24860.8 33565.6 22257.6
69500 50149.6 36207.6 32031.8 27824.6 24417.6
69600 46265.4 31389.6 26444 25424.8 21510
69700 45398.4 33033.4 24910.8 25760.2 22121.6
69800 49783.6 36333 26629.6 28682.4 21286
69900 47985 33808 26207.6 27856 21397.8
70000 47315.4 35257.8 26663.8 26730.6 23754.2
70100 54417.2 35378.2 26783.8 29917.4 22374.8
70200 55048.2 39405.6 27163 31831.6 26104.6
70300 50294.8 32772.4 25630.8 26280.6 21196.6
70400 47144.8 31980.6 25091.8 31580.2 21492
70500 47895.8 35491.6 25889.6 30313.8 21951.6
70600 48796.8 38271.4 25815.8 26384.6 28285.8
70700 48774.8 32116.6 28685 26099.4 30439
70800 52359.8 32397.8 25405 28148.2 21809.8
70900 48054.6 31063 27754.8 29657 21585.2
71000 50250.8 37809.8 25231.2 29308.2 24397.6
71100 52561.4 33277 28507.8 29376 24180.2
71200 54144.6 35731.4 27283.6 34192.6 21298.4
71300 47674 33993.4 27117.2 29909.4 22516.4
71400 50841.8 31839 25249.8 25045 27128
71500 46282.2 33992.6 25311.8 25622.4 23825.8
71600 48162.6 32497.8 38798.2 25542 25391.4
71700 52741.2 33288.4 37222.8 26842.6 25177.6
71800 55485.4 34640.6 25935.6 27403 23508.8
71900 53775.6 34825.6 25390.8 26515 22636.6
72000 60962.4 35551.4 28909.4 36233.4 22962
72100 48289.6 35855.8 27235.2 32828 22107.4
72200 49152 37689 27224 24919.2 24357.2
72300 53485.2 35821.8 26530 30389.8 31689.6
72400 50644.6 33042.8 25895.6 31312 23405.2
72500 46011.8 35227 26123.8 30378.2 22234.6
72600 49471 35240.8 27364.6 25743.4 23926.6
72700 55229 34732.2 34186.6 26259.6 24951.6
72800 52192 36750.6 25965.4 26444.6 25438.2
72900 46874 32265.4 34338.6 30220.4 24746.8
73000 48747 32459 26172.6 27254.2 21823.6
73100 62861.8 45024.2 35712.8 26580.2 24797.6
73200 57632.8 34686.8 32451.2 37830.8 22181.2
73300 50599.2 32232.8 26315.8 32533.2 23824.4
73400 52454.2 41762.2 28491.6 31556.4 26343.4
73500 52454.6 35200.4 35308.8 27093.6 25935.4
73600 56145.6 33536 27697.2 30110.8 23139.8
73700 58390 32431.2 32453.6 27599.8 33884.2
73800 66721.8 47822.8 32960 31800.8 33705.8
73900 52490.6 41194.2 37458.6 35875.8 25226.4
74000 60436.2 43607 34662.4 27251.6 34258.6
74100 58949 47767.8 35579.4 41640.6 26706.4
74200 88713.2 50857.8 44284.6 41871.6 28440.2
74300 76202.6 41264.8 32023.2 34682 34834.6
74400 65271 46895 35470 41569 36623
74500 60273.6 41747.4 33386 32566.2 33157.2
74600 71720.2 43493.2 37885.4 35737.8 37368.2
74700 72113.4 57434.6 45111.4 42593.6 40194
74800 65419.6 57311.2 36160.4 53570.6 29858.2
74900 70814.4 42890.2 49963.6 46601 33433.6
75000 79930.4 53248.6 32868.8 32294.4 31118.6
75100 70957.4 39853.8 36384.8 41791.8 27774
75200 62150.4 47449.4 32217.8 31326.2 26136.4
75300 55175.2 39807.2 34209.2 29990 40446.2
75400 63980.8 41923 28793 29858 24086.2
75500 59426.8 33839.8 26925.8 27307 25464.4
75600 59498 33406.2 28988.4 27403 25414.4
75700 49764.6 40157 35020.2 34979.8 37604.4
75800 39162.8 27089.2 22357.4 29024.8 19137.8
75900 55708 32401 26993.8 26828.2 22419.8
76000 50121 33718.6 26921.4 28145.6 24093
76100 51331.4 33564.8 27113.8 31671.2 22980.2
76200 52858.6 36682.4 28316.2 30568.4 22704.6
76300 53719.8 37285.4 29695.8 28080.8 23878.8
76400 48931.6 34191 27053 26309.6 23626
76500 52352.6 38885 29496.8 28104.6 27008.2
76600 51230.4 33376 26568 26612.2 22132.2
76700 54306.4 33438 33702.2 28549.8 24282
76800 53068.8 36300.6 29634.8 27626.8 24559
76900 43295.6 28344.8 24244 23737.4 20279.4
77000 57195.2 34033.2 28857.6 29264.2 27258.8
77100 50814.8 37096.2 33056.2 34885.8 29810.2
77200 54067.8 35795.4 41174 31495.6 23789.4
77300 57810.6 36773.2 30624.4 36431.6 26868
77400 53940.2 37337.2 31297.4 27821.8 23685
77500 66389.6 34487.8 27502.6 27727.2 23642.4
77600 50833.2 33571.2 27813 29267.6 27918.6
77700 57380.8 38680.4 27412.8 29332.6 23855.8
77800 56990.4 34826 26940.6 27967.4 24794.4
77900 57090.4 41545.8 29811.4 28277.8 23216.4
78000 56301.2 38417.8 28619.8 30960.4 25076.4
78100 50047.4 34320.2 32304 32774.2 25815.2
78200 52078.8 52850.4 39356.8 32146 23935.4
78300 53515.4 37664.2 30484.4 27074.4 28109.8
78400 53970 39128.8 37692.6 30922.6 25133.6
78500 60626 40055 28308.6 30472.2 26472.4
78600 62539.8 37146.8 36286.6 32618.2 24347.4
78700 59791.4 37759.6 27582.6 29517 26496.6
78800 52247.4 34118 34829.4 32111.2 26290.8
78900 59374.2 37516 30284.6 32112 29337
79000 42595.2 42285.2 35789.4 33178.6 24402.8
79100 50479.2 35375 33020 31634.8 29064.8
79200 51356.8 42333.2 31056.2 36195.4 25002.2
79300 68946.6 45239.4 29055.2 29961 25916.8
79400 57935.8 37953.2 34742.4 34243.8 25099.8
79500 53807.4 46542.2 34822 33705.4 40159.4
79600 55927.8 40331.4 33328.2 40372.6 26029.4
79700 53984 34625.4 31817.4 29607 25462
79800 52560 37328.2 29956.4 31368.4 25445
79900 69167.8 41894.2 30336 32966 25431.2
80000 49128.8 37637.4 35915.4 32443 24209
80100 54263.6 45985 29133.2 27523.8 27250.2
80200 51746.8 38877.6 30373.2 31142.8 24407
80300 54902.6 36814 29063.8 28892.6 25000.6
80400 52256.8 33653.6 30918 27865.2 29390.4
80500 50963 34568 30081.8 32521.2 29166.2
80600 49737.4 35235.8 31281.6 33092.4 27577.2
80700 55704.4 40324.6 29135 34425 27946.2
80800 51996.6 35460 28858 29329.6 24661.4
80900 50361 43505.4 28103.2 28479.2 25402.6
81000 52096.6 35916.2 30846.8 33468.8 24493.6
81100 50896.8 38284 32465 29426.4 25400.2
81200 52481.8 35311.6 32295.4 28019.6 24386.4
81300 58932 47291.4 34885.4 28745.4 25213.6
81400 53061.8 34604.2 28690.6 28797.2 24213.2
81500 55119.2 38025.2 29441.4 30260.8 25676.6
81600 54236.4 37493 29291.6 30187.2 28868.4
81700 52872.2 39218.6 29033.2 30620.6 28346.8
81800 54137.6 42809.4 29482.2 29327 25094
81900 51826.4 37683.8 29033.6 28864 27547.6
82000 51299.8 36073.4 33415 28194.2 25077.4
82100 52263 35619.8 32935.6 35839.6 30591.8
82200 56800.6 36314.4 31836 31556.8 24476.2
82300 53283.6 43295.8 31176.8 35827.4 25442.8
82400 59153.4 32093 26778.4 24868.6 26131.8
82500 52886.2 38772 31188.4 36481.6 28396.8
82600 65691.2 39128.4 30207.2 30186.4 26938.8
82700 55721.4 52410.6 33796.4 29415.4 26879.2
82800 57932.2 38898.6 36563.4 31250 33861.2
82900 52534 42177.8 37097.2 28620 26298.8
83000 58251.8 37927.6 33984.6 30077.2 33025.2
83100 56371.8 40755.6 34975.2 34455 26881.2
83200 55576.6 45416.4 31907.6 31313.8 31337.4
83300 57206.8 48291.4 34872.2 29074.2 25591
83400 61771.6 42092.2 31383.2 33573.6 26679.6
83500 58551.6 52380.2 33705.8 30813.2 34773
83600 56582.2 43721 33225.4 29124.4 32389.6
83700 60611 56389.8 40075.8 29329 27590.6
83800 63333.2 40647 41693.6 40401.6 38599.4
83900 59363.4 41440.6 33241.2 29552.6 25658.2
84000 58936.2 42488 38033 29569 28764.4
84100 57194.4 45593.4 34117 32617.6 26255
84200 58844 45674.4 41741.4 31458 30324
84300 59258.8 47239 34273.2 31676 26107.2
84400 58979.2 48559.6 35161.2 31039.8 27869.4
84500 56583.8 42909.2 42038 29571.8 26295.2
84600 61479.2 41518.6 36461.2 38497.6 27897.8
84700 55129.4 42729.8 37492 33261.4 25583.6
84800 65446.2 46890.4 37692.6 29337.6 28588.6
84900 62259.6 46478 41343.8 30110.8 37044.4
85000 59855.2 43683.6 39454.6 33652.8 27219.6
85100 68097.6 45099.8 35973.6 32027.2 25966.2
85200 53592.2 35608.6 29423.8 36551.8 28608.6
85300 56501 48382.2 39397 33408.8 25887.8
85400 62393 47802 36053.4 34284.2 27781.4
85500 56014.6 43602.4 36003.8 30037 28136.6
85600 59871 45009.4 36104.2 29532.2 25841.6
85700 62363 43198.6 40523.4 34110 33873.8
85800 62810.6 42703 38287.4 30157.6 27568.4
85900 60329 45410.4 37695.6 30166 30470.4
86000 69527.6 48854.8 44439.6 32558 26650.6
86100 58974.4 43952.2 40129.4 30479.2 26187.6
86200 58089.4 46043.6 40817.2 31660 28391.2
86300 69463.8 45293.6 39693.4 28946.6 28448
86400 57848.4 47564.6 38691 30810.8 27763.2
86500 59528.2 50188 36808.6 29791.4 26390.6
86600 62310.6 47318.6 44697.4 29478.6 28323.6
86700 59223.8 50958.2 36247.2 29785 30375.6
86800 62466.6 46386.6 37717.6 29852.6 28723.6
86900 62655.4 47937.4 36874 34802.8 37874.8
87000 54706 43202 34484.4 27763.4 24921
87100 52533.6 39877.6 33585.8 27102 23814
87200 56205.6 43904.2 33431 29120.6 25221
87300 55493.6 40391.6 33796.6 26835.8 23686.2
87400 52932.2 43228 32602.6 27703.8 24592.4
87500 56215.4 43643.6 34878.4 27610 24377
87600 55224.6 43855.2 34665.4 26724.6 24172.2
87700 58344.4 44752.6 34530.2 28439.6 24831.8
87800 55246.6 43306.6 33561.4 28572 24394.8
87900 56394.6 45749.6 36017.2 29695 25157
88000 57805.8 45907.6 33882 27450.4 24717.6
88100 59793.2 46662.6 34795.4 29042.2 26218
88200 58829 45318 34955.4 29469.2 25145.8
88300 57701.2 45542.4 34765 27316.2 24143.8
88400 59940.2 46615 35703.6 30173.8 26287.4
88500 58225.4 46381.4 34567.4 28109.2 24810.8
88600 60794 47157.6 35194.8 29229.2 25435
88700 56558.8 46241.6 34315.4 29063.4 25067.2
88800 58764.6 47167.8 35679.6 28417.4 25786.4
88900 61135.4 48151.8 35995.6 28759.4 25716.6
89000 59771.4 47283.6 35563.8 28043.6 24793.6
89100 61034.4 47280.4 35883.2 29085.4 24718.2
89200 59002.4 46432 35049.8 28410.6 24380.2
89300 59597 47507.6 34050.4 29520.8 26280
89400 59635.6 49431.6 34071.6 28316.8 24651.6
89500 59558 49713.6 38745.4 29481.6 26987.8
89600 60786.8 46244.6 35375.8 28933.8 25667.8
89700 61296.4 46821.6 34047 28627.8 26430
89800 61756 47468.8 34064.6 29040.2 24850
89900 60148.4 46856.2 34512.6 29281.4 26231.2
90000 62514 49221.2 36627.8 30187 26273.4
90100 59965.8 46961.2 35465.2 28011 25443.8
90200 63506.8 48985.4 35064.2 28262.2 26407.6
90300 61741.4 48497.2 33815.4 28030.8 24360
90400 62747.6 48892.2 35973.4 30013.4 25741.4
90500 62618.8 48588.2 36002.4 29416.4 26671.2
90600 61461 47740 37166.6 29785.8 26928
90700 62820 49988.4 36696.2 29320.8 25816.6
90800 63550.4 49697.4 36543.8 29417.4 25957.4
90900 64001.4 49076.2 35559.4 30086 27134
91000 63286 49127 37008 29238 25955.8
91100 63299.6 48283 36634.8 29282.8 26720.2
91200 62342.6 47969.8 35588.4 29526 26671.8
91300 67011.4 50156.4 36746.6 30858.2 31723
91400 62629.8 48996.4 36570.8 30151.8 27043
91500 65112.6 50719.4 34511.4 28326 26949.4
91600 64796.4 47398 34965.6 28987 26062.4
91700 64218.8 48651.6 36732.6 30857.2 26535.4
91800 66200.2 49920 36583.2 29341.4 27857
91900 65453 49572.2 36545.4 29762.6 25441.2
92000 64310 50172.8 36600.6 31388.2 27432.2
92100 67059.4 50021.2 35344.8 29923.6 26447.8
92200 62948 50038.2 36708.8 28519.4 25403.8
92300 67631.8 48465.6 37469.8 30726.8 26886.6
92400 65071.6 50466.8 35206.4 29241.2 27513.8
92500 66019.4 48781.8 35885.4 29705.4 26348.8
92600 67336.6 51414 37001.8 30028.6 25544.8
92700 64293.6 49450.6 36229.2 29723.4 25593.2
92800 67141.4 51218 42142.2 39668.4 36951.8
92900 69306.6 58960.6 39906.4 32402.6 27573.6
93000 68672.4 47900.8 37862.8 30053.2 28441.6
93100 68171 50249.2 35353.4 29850.4 27531.2
93200 68297.8 53407.4 37885.8 29982 26467
93300 69824.8 72810.2 50295.2 39725 33819.4
93400 69537.4 50774.4 36529.4 31197 26671.4
93500 63889.4 48484.6 35680.8 29495.4 25768
93600 69672.4 51655.6 36719 31367.2 26986
93700 64935.6 48611 37103 30010 25477.4
93800 68511.4 51231.2 37742.2 31061.8 28190.8
93900 67252.6 47590.8 35889.4 29299.4 25913.6
94000 67837.8 48091 36460 30721 27272.8
94100 67704.4 48091.6 34628.8 28697 25950.6
94200 68148.2 50447.4 37843 30765.2 26266.8
94300 67825.6 48238.4 37788.4 31499 28126.8
94400 68880 48069 36318.6 30611 27982
94500 69944.6 48786.2 38537.2 31324.6 27699.2
94600 71103 51722.4 38344.6 32036.8 28353.4
94700 71336.6 51671.8 36791.8 31710.4 26725.8
94800 69476.2 49838.4 37420.8 31041.2 27805.2
94900 71437.4 50310 38476.4 32082.2 26568.4
95000 70660.2 51716.6 36884.6 31004 27306.2
95100 68289.6 51544.2 37435.2 31076.8 28534
95200 72182.6 48428.8 38345.2 31424.8 28064.8
95300 74969 53697 38696.6 31672.8 27382.4
95400 70431.8 48313.4 37646.2 31012.8 28311
95500 72589 71182.4 41680.6 33271.2 33341
95600 81873.2 48328.2 36840.4 43101.8 36967.8
95700 87566 53708.8 43994.6 41528.6 35647.4
95800 91993.4 57777.6 43416.8 34921.8 36687.2
95900 71564.4 48894.4 35262.6 29098.4 26280.2
96000 68079.8 48757 36670.2 31498.4 28501.6
96100 72383.6 50259.4 37031.6 30712 26553.4
96200 70677 47410.6 36315.6 31498.2 27341.8
96300 71261.8 48635.2 36936.6 29753.8 26227.8
96400 71139.8 48634.4 35932 30142.6 27023.4
96500 67932.6 49561.2 36646.4 29926.4 26392.6
96600 69970.8 48710.2 36700.8 29579.6 27805.2
96700 68972.8 50150.2 36848.8 31651.8 27869.8
96800 68721 47653.6 36302.4 30255.8 28659.8
96900 73738.4 48046.4 39086.2 31128.8 27368.6
97000 70761.4 48246.4 36672.4 30185.6 27389.4
97100 73326.8 50045 38920.8 31477.6 28261.6
97200 70473.2 48855.8 36680.2 30275.8 26924
97300 72064.2 50125.6 38630.4 32231.6 28295.4
97400 69371.2 47809.6 35885.4 30742.6 27098.2
97500 74054 51515 37812 29601.6 28884.8
97600 70565.6 47626.6 35431.6 30047 27412.4
97700 72659.4 51154.2 38704.6 30959 28069
97800 70526.8 48280.8 37142.2 29891.8 26496.8
97900 72173 50169.8 36115.4 31242.4 28294.2
98000 72498 48986.4 38139.2 29887.8 27989.8
98100 73336 48945.8 38355.6 32112 27321.2
98200 77091.2 49266.2 37724.8 30737.2 27753.8
98300 72387.6 49913.6 37032.4 32404.8 29391.8
98400 76854.6 50695.6 37054 31402.2 27623.6
98500 72465 49665.2 38724.8 32806 28836.2
98600 75170 49249.2 36084.8 30763.6 27552.8
98700 76705.6 49511.6 38416.8 31816.4 28814.6
98800 76830 48687.6 37065.6 30614.2 27868.6
98900 74683 49641.4 37944.8 32837.4 29192.6
99000 77264 50319.4 37926.2 30554 27127.8
99100 71449 48624.4 36501 31492.6 28626.4
99200 75865 50924.8 36551.6 30831 27820.8
99300 77013.2 48064.2 39317 32990.8 29784.6
99400 77851.6 49922 39294.8 33586.6 28507.8
99500 74857 49796.4 39871.2 32242 28081.6
99600 74662.2 47936 36070.4 30835 27790.4
99700 71637 49364.6 39656.8 31282 29676.8
99800 77182.4 47494 37500.8 30926 28321.2
99900 74005.2 47657.8 38566.2 33338.6 27881
100000 73633.6 48428.4 36631.6 30275.8 28263.6
