500 624
600 760.2
700 938.4
800 1159.2
900 1174.8
1000 1609.4
1100 1602.6
1200 1595.2
1300 1725.4
1400 2194.4
1500 2350.2
1600 3215.4
1700 2777
1800 2384.6
1900 3130.4
2000 2691.2
2100 3260
2200 3673.4
2300 3289
2400 3327.6
2500 3462.6
2600 3495.4
2700 4047.8
2800 4049.6
2900 4375.4
3000 7800.4
3100 5125.2
3200 5321.4
3300 9407.6
3400 5638.6
3500 9280.4
3600 7206.8
3700 7424.8
3800 6203.4
3900 7376.8
4000 6526
4100 6695.4
4200 7550
4300 8188.8
4400 7882.8
4500 7083.2
4600 9629.8
4700 8443.4
4800 8596.6
4900 8193.8
5000 8130.6
5100 9425
5200 13015.4
5300 9870.4
5400 9060.2
5500 9319.2
5600 9211.8
5700 12082.4
5800 10480.8
5900 12793
6000 10833.6
6100 10644.4
6200 9805.6
6300 11314.8
6400 14622.2
6500 11219.2
6600 11381.4
6700 11208.8
6800 11940.8
6900 11875.2
7000 14238
7100 13793
7200 12278.8
7300 12442.2
7400 12273.2
7500 12673.2
7600 12371.2
7700 12871
7800 13424
7900 15388.4
8000 15835.8
8100 14953
8200 15773.2
8300 14639.4
8400 14332.2
8500 14034.4
8600 13864.8
8700 16527
8800 15290.6
8900 15427
9000 17509
9100 15695.4
9200 16780.6
9300 17144.6
9400 16289.8
9500 21089.4
9600 20481.6
9700 17106.6
9800 16836.2
9900 16535.4
10000 18121.4
10100 18098
10200 20669.8
10300 27669.2
10400 26961
10500 18145
10600 18711
10700 19209
10800 18488.8
10900 18322.6
11000 18974.4
11100 24777.2
11200 22648.2
11300 20166.8
11400 20301.4
11500 24846
11600 21165.4
11700 20198
11800 24682.8
11900 20738.8
12000 20769.4
12100 23560.6
12200 27931.6
12300 22172.2
12400 26921
12500 24964.4
12600 24242.4
12700 21839.4
12800 27001.2
12900 24349
13000 24074.8
13100 23358
13200 22185
13300 24131
13400 24279
13500 25261
13600 29518.4
13700 23160.2
13800 23684.6
13900 24283.2
14000 27472
14100 23982
14200 24363.4
14300 27225.2
14400 25524.4
14500 25308
14600 25744.6
14700 25418
14800 26752.6
14900 32001.2
15000 27118.6
15100 27682.4
15200 30025.6
15300 25777.2
15400 26143
15500 27400
15600 30711.2
15700 26868.4
15800 31466.6
15900 32723
16000 27556.6
16100 29182.4
16200 30199
16300 29293.4
16400 32253.6
16500 29132.8
16600 27808.8
16700 31950.2
16800 30198.2
16900 28830.8
17000 30191.6
17100 35083.4
17200 36040.8
17300 41700.8
17400 31923.2
17500 31451.6
17600 36604.6
17700 45242.8
17800 32333
17900 35730
18000 38925.8
18100 32517.2
18200 36302.2
18300 32972.6
18400 34866.4
18500 31468.8
18600 39067.2
18700 34935.4
18800 34774.4
18900 38593.6
19000 35451.4
19100 33974.4
19200 34416
19300 38827.2
19400 36022.6
19500 33485.8
19600 37208.8
19700 33966.8
19800 36368.6
19900 39347.4
20000 35263.8
20100 34757.4
20200 35183.6
20300 37374.2
20400 40338.8
20500 43907.8
20600 36264.6
20700 38057
20800 35523
20900 37850.2
21000 46171
21100 37842.4
21200 38988.2
21300 37662
21400 38237.2
21500 40997.4
21600 36678.8
21700 38242.8
21800 40043.2
21900 38827.6
22000 39293.6
22100 41005.2
22200 38688.4
22300 40617.8
22400 44646
22500 47059.4
22600 42293.4
22700 44861.8
22800 40210.4
22900 42370.4
23000 40025.4
23100 42140.2
23200 39978.8
23300 45720
23400 44659.4
23500 40777.2
23600 45143
23700 41274.4
23800 44853
23900 47645.2
24000 40752.4
24100 42408.8
24200 43429.6
24300 43565.4
24400 46860.8
24500 45941.4
24600 49204.4
24700 45757.4
24800 44402.8
24900 43509.2
25000 45027
25100 47801.2
25200 43378.2
25300 44352.6
25400 50437.2
25500 52882.4
25600 60085.2
25700 46423.4
25800 52558.4
25900 48777.6
26000 56964.8
26100 45684.2
26200 48480.6
26300 53207.4
26400 48152.6
26500 48621
26600 46355.6
26700 49153.4
26800 48797.2
26900 46402
27000 48911.6
27100 51134.4
27200 47554.2
27300 47317.2
27400 47729.8
27500 53099.2
27600 52413.8
27700 47553.4
27800 48436.2
27900 55287.2
28000 57044.2
28100 56514.4
28200 50777
28300 59177.6
28400 49639.4
28500 59845.8
28600 50333.2
28700 54193.8
28800 56907.8
28900 56501.4
29000 50537.6
29100 52618.8
29200 51258.8
29300 52903.4
29400 58772.8
29500 58690.6
29600 54133.4
29700 63143.2
29800 57286.6
29900 58737.6
30000 53418
30100 63527.8
30200 64213.8
30300 64606
30400 57098.2
30500 60715.2
30600 55366.2
30700 63178.4
30800 59682
30900 57344
31000 59973
31100 63096.2
31200 53382
31300 60129.6
31400 56519.8
31500 54885.2
31600 57353.8
31700 57561
31800 55206.2
31900 55821.6
32000 59587.4
32100 56306
32200 56331.6
32300 58507.2
32400 57833.6
32500 61688.4
32600 62927.8
32700 60280.4
32800 59222.2
32900 63878
33000 63832.6
33100 57105.4
33200 56848.8
33300 65772.4
33400 56777.8
33500 61523
33600 58326.4
33700 59606.4
33800 60862.4
33900 60077.6
34000 65363.2
34100 67083.6
34200 63977.4
34300 68381.4
34400 59390.2
34500 64887
34600 62432.8
34700 65146.6
34800 67630
34900 70533.8
35000 61235.2
35100 71351.6
35200 64408
35300 63190.6
35400 67520.6
35500 67432.8
35600 63861.8
35700 61552
35800 64917.8
35900 65003.6
36000 69341.4
36100 64941.2
36200 62638.6
36300 65298.2
36400 62848
36500 65985
36600 72200.8
36700 74823.6
36800 65139.2
36900 65062.4
37000 67037.4
37100 63915.6
37200 71285.2
37300 66604.2
37400 67607.2
37500 66035.8
37600 71018.8
37700 68470.4
37800 73077.2
37900 68072.8
38000 77247.4
38100 71192.4
38200 68713
38300 73976.4
38400 78289.2
38500 79849.2
38600 70886.4
38700 70871
38800 68334.4
38900 70056
39000 72082
39100 72412.2
39200 70821.8
39300 73371
39400 75799
39500 77343.8
39600 73056.6
39700 74046
39800 85972.8
39900 75664.8
40000 78466.2
40100 71623.4
40200 74090
40300 75781.6
40400 75910.2
40500 76040.2
40600 74058.2
40700 78801.4
40800 84841.8
40900 81756
41000 73375.4
41100 73529.6
41200 80840.2
41300 83610
41400 83330.8
41500 85214.2
41600 77373.6
41700 74031.8
41800 74689.6
41900 77582.6
42000 73782
42100 79315.8
42200 77372.4
42300 82655
42400 75064.4
42500 80086.6
42600 80820.4
42700 78407
42800 81903.4
42900 86815.6
43000 82755
43100 82585
43200 85257.4
43300 82741.6
43400 81680
43500 85676.6
43600 77797
43700 78755.6
43800 81976
43900 88304.6
44000 86298
44100 89857
44200 82466.8
44300 84382.6
44400 81539.4
44500 89200.6
44600 83574
44700 87079
44800 86357.8
44900 81366.4
45000 89767.8
45100 80429.4
45200 81702.2
45300 84370
45400 85105.4
45500 110507
45600 123558
45700 85869
45800 91009.2
45900 113848
46000 93019.4
46100 82354.2
46200 94890.8
46300 85823
46400 84599.4
46500 87121
46600 99350.2
46700 99524.8
46800 91337.2
46900 118105
47000 101182
47100 91452
47200 93213.2
47300 94307.6
47400 94829
47500 90822.2
47600 100825
47700 107515
47800 87068.8
47900 97372
48000 95664.4
48100 91006.2
48200 98408
48300 88240.4
48400 96096.6
48500 93138
48600 99491.6
48700 101555
48800 91135.6
48900 89769
49000 92467
49100 102964
49200 103808
49300 103699
49400 103594
49500 88400.4
49600 94304.8
49700 91884.4
49800 96154.2
49900 97845.6
50000 101804
50100 102140
50200 103046
50300 100883
50400 95197.4
50500 98605.6
50600 97349.6
50700 97698.6
50800 103559
50900 98440.6
51000 99824.4
51100 102075
51200 109916
51300 96552
51400 99248.4
51500 93353
51600 103039
51700 106470
51800 98687.4
51900 98264
52000 98465.2
52100 101062
52200 110165
52300 101467
52400 113167
52500 103775
52600 99413.4
52700 92758.2
52800 103400
52900 93806
53000 100741
53100 105429
53200 99470
53300 95598.8
53400 96493
53500 107085
53600 98392
53700 107257
53800 102834
53900 118436
54000 107511
54100 102033
54200 101813
54300 106114
54400 99809.4
54500 100665
54600 111138
54700 107843
54800 107169
54900 106875
55000 104681
55100 115803
55200 103134
55300 101680
55400 115464
55500 101746
55600 104718
55700 107577
55800 99280.6
55900 105010
56000 107459
56100 105172
56200 98913.8
56300 106591
56400 102330
56500 100752
56600 97784.8
56700 110662
56800 104156
56900 103487
57000 122060
57100 116585
57200 119433
57300 110784
57400 111694
57500 108249
57600 110909
57700 110670
57800 112096
57900 106194
58000 114122
58100 119699
58200 125188
58300 117908
58400 112572
58500 119694
58600 110842
58700 112040
58800 117734
58900 108088
59000 118015
59100 110129
59200 128661
59300 117240
59400 107132
59500 115190
59600 157980
59700 114700
59800 111324
59900 131915
60000 118753
60100 107849
60200 125735
60300 127195
60400 119485
60500 117630
60600 132268
60700 112326
60800 111421
60900 131497
61000 117025
61100 131579
61200 114843
61300 117687
61400 124566
61500 126907
61600 120486
61700 119651
61800 132683
61900 125199
62000 125861
62100 116538
62200 118055
62300 122707
62400 115393
62500 124499
62600 112588
62700 117423
62800 112964
62900 130952
63000 117420
63100 114254
63200 118132
63300 124962
63400 119632
63500 115929
63600 116231
63700 116433
63800 113615
63900 131876
64000 118995
64100 115076
64200 117294
64300 132763
64400 119962
64500 129337
64600 145635
64700 123743
64800 122126
64900 132029
65000 130146
65100 129784
65200 131636
65300 133344
65400 129471
65500 119583
65600 130092
65700 122593
65800 134663
65900 118247
66000 139450
66100 120572
66200 129591
66300 122981
66400 133425
66500 135632
66600 135495
66700 139542
66800 126452
66900 155152
67000 125294
67100 122093
67200 131656
67300 125564
67400 123571
67500 130154
67600 135332
67700 129787
67800 125648
67900 122681
68000 126800
68100 124303
68200 125471
68300 132837
68400 123993
68500 132206
68600 131874
68700 127901
68800 134096
68900 122764
69000 124354
69100 137912
69200 132641
69300 141768
69400 130476
69500 138575
69600 131298
69700 130285
69800 123614
69900 132051
70000 124765
70100 131770
70200 131629
70300 136895
70400 127444
70500 128451
70600 130215
70700 134770
70800 135253
70900 128302
71000 125952
71100 145897
71200 135906
71300 134095
71400 132087
71500 131374
71600 142373
71700 134702
71800 139319
71900 138195
72000 137687
72100 146582
72200 144329
72300 140477
72400 137898
72500 136601
72600 135854
72700 148560
72800 139026
72900 147144
73000 145791
73100 152741
73200 144045
73300 146046
73400 142923
73500 152069
73600 140721
73700 136646
73800 144556
73900 162375
74000 154611
74100 165248
74200 190424
74300 171659
74400 173254
74500 167970
74600 174202
74700 188527
74800 204826
74900 192305
75000 202527
75100 188125
75200 161899
75300 159745
75400 164210
75500 149225
75600 136658
75700 152811
75800 182192
75900 128265
76000 147751
76100 144462
76200 157986
76300 157877
76400 143647
76500 143955
76600 139649
76700 149721
76800 150483
76900 139273
77000 118998
77100 152472
77200 147618
77300 145524
77400 154460
77500 139632
77600 155658
77700 173343
77800 144258
77900 151328
78000 149334
78100 164593
78200 146019
78300 154151
78400 160097
78500 152931
78600 157702
78700 159632
78800 148875
78900 151400
79000 164542
79100 144785
79200 172741
79300 166010
79400 187760
79500 154094
79600 184487
79700 159677
79800 156799
79900 159835
80000 151704
80100 155366
80200 160481
80300 163819
80400 150029
80500 158111
80600 165079
80700 159471
80800 165149
80900 162864
81000 153382
81100 153004
81200 151907
81300 150195
81400 151253
81500 151854
81600 150580
81700 147730
81800 153067
81900 155739
82000 153755
82100 152817
82200 150817
82300 149610
82400 152655
82500 161216
82600 153886
82700 168195
82800 157295
82900 167039
83000 160683
83100 172824
83200 168395
83300 155947
83400 205748
83500 169344
83600 181516
83700 154073
83800 162451
83900 168988
84000 176609
84100 154126
84200 167811
84300 168429
84400 167023
84500 173285
84600 169487
84700 170222
84800 167252
84900 181712
85000 175085
85100 175492
85200 165412
85300 166658
85400 162902
85500 166648
85600 169656
85700 164949
85800 162714
85900 162149
86000 163143
86100 162053
86200 169514
86300 170762
86400 163298
86500 158235
86600 161231
86700 177269
86800 169949
86900 166039
87000 165234
87100 141482
87200 135975
87300 143766
87400 137219
87500 144319
87600 143932
87700 138528
87800 140157
87900 142132
88000 142708
88100 141923
88200 147507
88300 147477
88400 153375
88500 148956
88600 149210
88700 152167
88800 146611
88900 148408
89000 147541
89100 152456
89200 148731
89300 148543
89400 148289
89500 145187
89600 146539
89700 151108
89800 152306
89900 145714
90000 150075
90100 149561
90200 147225
90300 144909
90400 144350
90500 149183
90600 144538
90700 152103
90800 149246
90900 161401
91000 149514
91100 151863
91200 154709
91300 152830
91400 170753
91500 152165
91600 150986
91700 149958
91800 150422
91900 156805
92000 154906
92100 158187
92200 157382
92300 152342
92400 154040
92500 154361
92600 156244
92700 158893
92800 156214
92900 186796
93000 172010
93100 155896
93200 158323
93300 169261
93400 194239
93500 158772
93600 150725
93700 163095
93800 157542
93900 158336
94000 155065
94100 159864
94200 154018
94300 161851
94400 157530
94500 161206
94600 172719
94700 167823
94800 164688
94900 160169
95000 158653
95100 163137
95200 154188
95300 160730
95400 161744
95500 163350
95600 195499
95700 179649
95800 188842
95900 185303
96000 153961
96100 159971
96200 154206
96300 162572
96400 154298
96500 159248
96600 153827
96700 159903
96800 158639
96900 156997
97000 161954
97100 155842
97200 161694
97300 155585
97400 163534
97500 158011
97600 158544
97700 157707
97800 163580
97900 156837
98000 158817
98100 157329
98200 165614
98300 161539
98400 167247
98500 157761
98600 162795
98700 159257
98800 159127
98900 164707
99000 165730
99100 158436
99200 163649
99300 159162
99400 168747
99500 166606
99600 166468
99700 163420
99800 166964
99900 159944
100000 162941
