500 536.4
600 721.6
700 941
800 976.4
900 1168.2
1000 1593.4
1100 1481.4
1200 1567.8
1300 1688.2
1400 2013.6
1500 3588.2
1600 2718.8
1700 2910
1800 2397
1900 2523.8
2000 2810
2100 3410.2
2200 2816
2300 3159.4
2400 3289.6
2500 3215.8
2600 3439.6
2700 3553.4
2800 3702.2
2900 4600.8
3000 6031.6
3100 7252.6
3200 8536.2
3300 5146.6
3400 6068
3500 5621.4
3600 6193.2
3700 5760.4
3800 6434.4
3900 6273.2
4000 8515
4100 8031
4200 9512.6
4300 6633.8
4400 7622.4
4500 7198.8
4600 8267.6
4700 7478.4
4800 7620
4900 7851.2
5000 7872.8
5100 8596
5200 9792.2
5300 10438.4
5400 8603.2
5500 8989
5600 10547.6
5700 10173.4
5800 10318
5900 10039.4
6000 10048
6100 10688.8
6200 10215.4
6300 9214.8
6400 12141
6500 11143.6
6600 10620.6
6700 11618.8
6800 11473.4
6900 13457.4
7000 11410.2
7100 12206.4
7200 13188
7300 12226.8
7400 11914
7500 12996.6
7600 12287
7700 17849.2
7800 14064
7900 15711.6
8000 12868.2
8100 13053
8200 13296.2
8300 15232.6
8400 13880
8500 14203
8600 16282.2
8700 15885.4
8800 15886.8
8900 15131
9000 16484
9100 17359.8
9200 15459.2
9300 15742.8
9400 18342.6
9500 17888
9600 15465.2
9700 20841.6
9800 16946
9900 15977.6
10000 18045.4
10100 17045.4
10200 17522.2
10300 17885.2
10400 17954
10500 20073.2
10600 18936.2
10700 17891
10800 19175
10900 19165.2
11000 21601
11100 19055.2
11200 22255.2
11300 23541.2
11400 20846.8
11500 20144.6
11600 19114.2
11700 27858.4
11800 21273.4
11900 19831.2
12000 20970.8
12100 22486
12200 23782.4
12300 20539
12400 25394.6
12500 23896.4
12600 25802.6
12700 23418
12800 25031.8
12900 23726.8
13000 26904
13100 24453.8
13200 22867.6
13300 23335.8
13400 22967.2
13500 23178.8
13600 22506.2
13700 23797
13800 23347.8
13900 30867.6
14000 24949.8
14100 24400
14200 27943.6
14300 28385
14400 23906.8
14500 24701
14600 27483.6
14700 28390.6
14800 24092
14900 27262.4
15000 29372.8
15100 25784.8
15200 30418.4
15300 25135.2
15400 27257.4
15500 28247.4
15600 26207.4
15700 28359.4
15800 28016.2
15900 28650
16000 28239.8
16100 26133.2
16200 27097.6
16300 27313.8
16400 30073.6
16500 30078.6
16600 34064.6
16700 32728.2
16800 32399.2
16900 29156.2
17000 28334.6
17100 34450.8
17200 34723.4
17300 36891
17400 34691
17500 34257.6
17600 34590.8
17700 32897
17800 33387
17900 30393.2
18000 30355.6
18100 36724.2
18200 30774.8
18300 30485.6
18400 31069
18500 31977
18600 32705.4
18700 36748.2
18800 31425.2
18900 32452.8
19000 32376.4
19100 34192.2
19200 31549
19300 31783
19400 33995.4
19500 32011.2
19600 42936.8
19700 38441.2
19800 37157.6
19900 34903.6
20000 33662.2
20100 40603.8
20200 42478.2
20300 34307.8
20400 34725
20500 38803
20600 33872.6
20700 39761
20800 38038.4
20900 35308.8
21000 34988.4
21100 34360
21200 45398
21300 39983.2
21400 38411
21500 41905.4
21600 36696.6
21700 38118.4
21800 37989.6
21900 37476
22000 42980.4
22100 38446.2
22200 41559.8
22300 41624.6
22400 37922.4
22500 39877.8
22600 42707
22700 42243
22800 43025.4
22900 38188.6
23000 47416.4
23100 41482
23200 41771
23300 40348
23400 45081.6
23500 43277.4
23600 43197.4
23700 43252.8
23800 42779.8
23900 43752.4
24000 40679.8
24100 40401.2
24200 46040.8
24300 41516.6
24400 44427.8
24500 41802.4
24600 41369.2
24700 41665.6
24800 44842.2
24900 42660.8
25000 41525.2
25100 46286.4
25200 43682.4
25300 43231.2
25400 44449.6
25500 49299.8
25600 61147
25700 51346.8
25800 44846.6
25900 42656.2
26000 44479.4
26100 46416.8
26200 46649.6
26300 51838
26400 48648
26500 55163.6
26600 46818.8
26700 52072
26800 47345.2
26900 50147
27000 44359.4
27100 48457.4
27200 48952.6
27300 51093.8
27400 45363.6
27500 53108.4
27600 55101.6
27700 47448
27800 47716.2
27900 46788.6
28000 49039.2
28100 52018.8
28200 48414.2
28300 59183.2
28400 66670.8
28500 52262.8
28600 52901
28700 47948.8
28800 53499.4
28900 51919.8
29000 54286
29100 58312.4
29200 54885.4
29300 49298
29400 52852.6
29500 77300.8
29600 52133.8
29700 62084.2
29800 59601.4
29900 52933.6
30000 61683.2
30100 59018.6
30200 62542.6
30300 56186.2
30400 61464.6
30500 66669.4
30600 60905.2
30700 59286
30800 54557.4
30900 52440.6
31000 59848.2
31100 54927.6
31200 56282.4
31300 53745.2
31400 58056.2
31500 58348.6
31600 53945
31700 52884.2
31800 57291.6
31900 54034.8
32000 53850.8
32100 54606.6
32200 56116.8
32300 55081.4
32400 56358
32500 60029.6
32600 63902.2
32700 56648.2
32800 60239.6
32900 58930.4
33000 69325.2
33100 59810.2
33200 57193.8
33300 58232.2
33400 56577.2
33500 60629
33600 56689.6
33700 61719.8
33800 56039.2
33900 57330.6
34000 58291
34100 60249.6
34200 58780.8
34300 57892
34400 61424.8
34500 60142
34600 60165
34700 67236
34800 64704
34900 62272
35000 58879.4
35100 61098.6
35200 62246
35300 66283.8
35400 68595.4
35500 63207
35600 64954.8
35700 74024.2
35800 64167.4
35900 70371
36000 64624.4
36100 67185.4
36200 68707.8
36300 75278
36400 68424.2
36500 62835.4
36600 64527.4
36700 66172.8
36800 63590.4
36900 62694.2
37000 69489.6
37100 74407.2
37200 70156.8
37300 62775.6
37400 61544.4
37500 78891.6
37600 65443
37700 65965.8
37800 69778.8
37900 68793
38000 66559.8
38100 69072.6
38200 70321.2
38300 70261.6
38400 72480
38500 75345
38600 69438
38700 67921.6
38800 74478.2
38900 71676.8
39000 68108.6
39100 71246
39200 68989.8
39300 69097.6
39400 66926.4
39500 73037.6
39600 72744.4
39700 73537.4
39800 69264.8
39900 73476.4
40000 67218.6
40100 73048
40200 83984.6
40300 70259
40400 69349.2
40500 70273.8
40600 71188.6
40700 70541.2
40800 77441.2
40900 73638.8
41000 77167.8
41100 80741.2
41200 71710
41300 74619.8
41400 74784.8
41500 84883.8
41600 77728
41700 77300
41800 71603.4
41900 75321
42000 78412.2
42100 80425.6
42200 76690.4
42300 75681.4
42400 76942.6
42500 74607.8
42600 80155.6
42700 85613.8
42800 74348.2
42900 82050.8
43000 75861.6
43100 77271.4
43200 78209.8
43300 78293.8
43400 74694.8
43500 73648.8
43600 79809.4
43700 80678.6
43800 84614.8
43900 77997.8
44000 77858.8
44100 80948.6
44200 86667.6
44300 79837.2
44400 78846.4
44500 81747
44600 78996.6
44700 74863.6
44800 83400.6
44900 83984.2
45000 81761.4
45100 81211.2
45200 79741.8
45300 87057.4
45400 89462.2
45500 102599
45600 112174
45700 86664.8
45800 93588
45900 90607.6
46000 83560
46100 87745.6
46200 88550.2
46300 81675.2
46400 80634.2
46500 87343
46600 88568.6
46700 91646.6
46800 96317.4
46900 95976.6
47000 85852
47100 95383.4
47200 93064.2
47300 89785.4
47400 90316
47500 99233.6
47600 95565
47700 84893.8
47800 95772.6
47900 89363.2
48000 92710.8
48100 91010.2
48200 99175
48300 86227.6
48400 93740.2
48500 100513
48600 86752.6
48700 91690.6
48800 91793.2
48900 87926
49000 90072.4
49100 84518
49200 88375.8
49300 92262
49400 87304.4
49500 101649
49600 102124
49700 89495.6
49800 93105
49900 100002
50000 88335.2
50100 99164.6
50200 86493
50300 96473.2
50400 99215.8
50500 94778.8
50600 95337.2
50700 90269.6
50800 92286.8
50900 95194.6
51000 100564
51100 91623.8
51200 96622.8
51300 103952
51400 94549.6
51500 99230
51600 98022.8
51700 103755
51800 89604.6
51900 92851.2
52000 95205.4
52100 93899.4
52200 101511
52300 100073
52400 100905
52500 105037
52600 103502
52700 98201.4
52800 96920.4
52900 98513.8
53000 95347.2
53100 93070.4
53200 105941
53300 92674.8
53400 101840
53500 102023
53600 107812
53700 101024
53800 96314.8
53900 100388
54000 96417.4
54100 102477
54200 104856
54300 95274.8
54400 99364
54500 102570
54600 99062
54700 101124
54800 106971
54900 112666
55000 100067
55100 107568
55200 101267
55300 98034.4
55400 106992
55500 103206
55600 95391.4
55700 101202
55800 101001
55900 107124
56000 108216
56100 109991
56200 103051
56300 97943.2
56400 99824.6
56500 95377.4
56600 99479.8
56700 99747.2
56800 98849.2
56900 105358
57000 101638
57100 104874
57200 103636
57300 106775
57400 117666
57500 116394
57600 104631
57700 103314
57800 105833
57900 112342
58000 112883
58100 111210
58200 103459
58300 104563
58400 110298
58500 112591
58600 110300
58700 106985
58800 110208
58900 108913
59000 117920
59100 109580
59200 155904
59300 111073
59400 119867
59500 126375
59600 134881
59700 111286
59800 112209
59900 117764
60000 106680
60100 116583
60200 99850.2
60300 118152
60400 117273
60500 114195
60600 110203
60700 108263
60800 109742
60900 123730
61000 120816
61100 127879
61200 113563
61300 127324
61400 110732
61500 111248
61600 110929
61700 104946
61800 123788
61900 116512
62000 119484
62100 115255
62200 112833
62300 115620
62400 114163
62500 107961
62600 119424
62700 119494
62800 109851
62900 118386
63000 119700
63100 113800
63200 112890
63300 123158
63400 119428
63500 122337
63600 117748
63700 112624
63800 115212
63900 133066
64000 113235
64100 114817
64200 123847
64300 123736
64400 132352
64500 124418
64600 127637
64700 123010
64800 129339
64900 122443
65000 127527
65100 119781
65200 116015
65300 143488
65400 123461
65500 121104
65600 123266
65700 125585
65800 118019
65900 133262
66000 126957
66100 124575
66200 123010
66300 138722
66400 128874
66500 127814
66600 130617
66700 131741
66800 130702
66900 123007
67000 128221
67100 124755
67200 121513
67300 119720
67400 133783
67500 116275
67600 128593
67700 125999
67800 129802
67900 122471
68000 118786
68100 130331
68200 122262
68300 122946
68400 119769
68500 123077
68600 130858
68700 125854
68800 117906
68900 128351
69000 121113
69100 124829
69200 123380
69300 135398
69400 125420
69500 122831
69600 127759
69700 125812
69800 121420
69900 128771
70000 126348
70100 145584
70200 129349
70300 131016
70400 125995
70500 123002
70600 123934
70700 132214
70800 130142
70900 128080
71000 133858
71100 135263
71200 130380
71300 132635
71400 130398
71500 133702
71600 135129
71700 132646
71800 141237
71900 132419
72000 131227
72100 126188
72200 142492
72300 132000
72400 150761
72500 130921
72600 133172
72700 134373
72800 125636
72900 137777
73000 130876
73100 132567
73200 178255
73300 135029
73400 129783
73500 148481
73600 136599
73700 152264
73800 142828
73900 176718
74000 158746
74100 154589
74200 293627
74300 199066
74400 172673
74500 157583
74600 160118
74700 212308
74800 178049
74900 209356
75000 192690
75100 162247
75200 178611
75300 154420
75400 168940
75500 131543
75600 137663
75700 143681
75800 116852
75900 147395
76000 144148
76100 137932
76200 140034
76300 145005
76400 139752
76500 132718
76600 141562
76700 134446
76800 136733
76900 114022
77000 132975
77100 159941
77200 146045
77300 157037
77400 147621
77500 145943
77600 145645
77700 147631
77800 157463
77900 141952
78000 142388
78100 150771
78200 149100
78300 136110
78400 147313
78500 149219
78600 142558
78700 143498
78800 150455
78900 155586
79000 116229
79100 145822
79200 163099
79300 151819
79400 149440
79500 149343
79600 151485
79700 152066
79800 144955
79900 142473
80000 148560
80100 143321
80200 150498
80300 144422
80400 149918
80500 142810
80600 156622
80700 149995
80800 144920
80900 152861
81000 145169
81100 148142
81200 148463
81300 151870
81400 162855
81500 146765
81600 150498
81700 142979
81800 147815
81900 150633
82000 149168
82100 151533
82200 153843
82300 151197
82400 151164
82500 152393
82600 157980
82700 157429
82800 153089
82900 152903
83000 153314
83100 165530
83200 156421
83300 156730
83400 157054
83500 157899
83600 162279
83700 168029
83800 165199
83900 166126
84000 191708
84100 160010
84200 164997
84300 169218
84400 156983
84500 168193
84600 157722
84700 165155
84800 161316
84900 154547
85000 154236
85100 162073
85200 154363
85300 166732
85400 152800
85500 161832
85600 153143
85700 151429
85800 155203
85900 156850
86000 154340
86100 165432
86200 152913
86300 160239
86400 159369
86500 157982
86600 165526
86700 156625
86800 160623
86900 161935
87000 139527
87100 130086
87200 136518
87300 140848
87400 132290
87500 134101
87600 137070
87700 139210
87800 132736
87900 136659
88000 143369
88100 135318
88200 142988
88300 145239
88400 144475
88500 145831
88600 144533
88700 144418
88800 147448
88900 147706
89000 143498
89100 143794
89200 141489
89300 146949
89400 144175
89500 144036
89600 147641
89700 146513
89800 147068
89900 142418
90000 145439
90100 142204
90200 150054
90300 147127
90400 141878
90500 146653
90600 144334
90700 148670
90800 139389
90900 150102
91000 145694
91100 149082
91200 148338
91300 148319
91400 149605
91500 147830
91600 152898
91700 153631
91800 152286
91900 152329
92000 157645
92100 151085
92200 150229
92300 150502
92400 150932
92500 146598
92600 151908
92700 145031
92800 150413
92900 157987
93000 162150
93100 156210
93200 159281
93300 160681
93400 149833
93500 146452
93600 150002
93700 155136
93800 158634
93900 156317
94000 150118
94100 150876
94200 157068
94300 152686
94400 154724
94500 154514
94600 159219
94700 162235
94800 157653
94900 152457
95000 164026
95100 156622
95200 154997
95300 156626
95400 159528
95500 158769
95600 185464
95700 180181
95800 187011
95900 157265
96000 149802
96100 152352
96200 149195
96300 154821
96400 147808
96500 154252
96600 153806
96700 158032
96800 148044
96900 156892
97000 149924
97100 159059
97200 150650
97300 158476
97400 149922
97500 155184
97600 159858
97700 152263
97800 154085
97900 153852
98000 158454
98100 153529
98200 156549
98300 156900
98400 159262
98500 153440
98600 159208
98700 154266
98800 158004
98900 162633
99000 157430
99100 156747
99200 157901
99300 159401
99400 163823
99500 159694
99600 160957
99700 155172
99800 163728
99900 152665
100000 162215
