500 548.2
600 718.2
700 893.8
800 1224.4
900 1130.8
1000 1617.6
1100 1535
1200 1736
1300 1789.2
1400 2161
1500 2317
1600 2938.6
1700 2795.6
1800 2336.8
1900 2913.8
2000 2635.6
2100 3030.2
2200 3185.6
2300 3087.2
2400 3090
2500 3834.2
2600 3250.6
2700 3677
2800 3639.4
2900 5083.6
3000 8758.8
3100 5420.6
3200 5804.2
3300 6495
3400 5233
3500 9081.8
3600 6879.2
3700 6170.4
3800 5906.4
3900 6161.2
4000 6528.2
4100 6927
4200 9112.8
4300 7075.8
4400 8916.4
4500 6952.6
4600 7642.8
4700 7269.8
4800 8618
4900 8222.4
5000 7957.4
5100 8851.6
5200 8216.4
5300 10016.6
5400 9765.8
5500 9485.6
5600 10256
5700 12153.8
5800 9046
5900 9387.4
6000 9698.6
6100 9742.6
6200 11606.6
6300 10465.2
6400 11417
6500 10768.6
6600 10876.4
6700 10581.2
6800 12647
6900 17825.2
7000 11023.2
7100 13290.4
7200 11198.6
7300 11253.8
7400 11885
7500 13605.2
7600 13268.4
7700 15909.8
7800 13676.4
7900 13139.4
8000 17448.6
8100 12839.6
8200 14808.6
8300 15111
8400 14757.6
8500 14480
8600 12579.6
8700 14836.2
8800 15419.4
8900 13485
9000 15932.2
9100 16454.4
9200 18035
9300 14815.6
9400 19379.6
9500 18798.8
9600 18409.6
9700 14901.6
9800 16331
9900 16831.6
10000 21263.2
10100 17306.8
10200 21685.8
10300 19811
10400 20338
10500 17668
10600 17982.6
10700 17696.2
10800 19658.8
10900 20877.2
11000 19798.8
11100 18170.6
11200 22631.2
11300 19306.8
11400 18304
11500 24730.4
11600 21657.8
11700 22404
11800 19676.4
11900 18986.2
12000 22418.2
12100 25881.8
12200 20170
12300 22941
12400 20718.2
12500 20720.4
12600 24631
12700 24094.2
12800 25266
12900 22097.4
13000 24206.2
13100 25994.2
13200 25549.6
13300 20606.2
13400 23308.2
13500 24514.8
13600 22841.2
13700 24760
13800 22514.2
13900 22744.8
14000 24072.4
14100 23360.6
14200 22720.4
14300 25474.2
14400 29994.6
14500 24370.6
14600 35601.8
14700 23596.2
14800 24455
14900 24491.6
15000 24249.2
15100 25951.4
15200 30291.4
15300 29342.6
15400 28357
15500 27198.8
15600 25310.6
15700 26099.6
15800 26955.6
15900 25059.2
16000 30575
16100 34108.4
16200 26052
16300 26129.8
16400 28880
16500 28172.2
16600 26426.6
16700 26658.8
16800 30034.6
16900 26881.6
17000 31367.8
17100 30096.8
17200 30395.4
17300 32517.6
17400 29956.8
17500 30243.6
17600 32854
17700 31324.4
17800 34032.4
17900 38305
18000 32674
18100 29414.6
18200 35900.8
18300 30537.4
18400 29310.4
18500 29661.2
18600 31992.6
18700 31465
18800 37979.6
18900 34442.4
19000 32839
19100 32070.6
19200 32631.6
19300 31615.6
19400 32847.6
19500 39150.4
19600 36646.4
19700 35253.8
19800 32014.4
19900 34785.8
20000 39079.8
20100 41551.4
20200 34511.6
20300 32816
20400 36893.8
20500 40238.8
20600 36203
20700 38237.4
20800 34150.8
20900 35372
21000 34821.4
21100 34309.4
21200 35164.2
21300 37305.2
21400 34971
21500 34703.6
21600 36854.6
21700 39039.6
21800 43243
21900 38189.4
22000 41796.4
22100 40767.4
22200 37170.8
22300 38786.6
22400 36365.6
22500 37610.2
22600 39067.8
22700 38826.8
22800 43001.2
22900 42449.6
23000 40096.8
23100 42407.2
23200 38134.8
23300 42934.4
23400 47205.2
23500 37924
23600 45358.4
23700 40659.6
23800 41067.2
23900 41990.8
24000 40893.6
24100 40280.2
24200 42403.4
24300 39711.4
24400 43331.4
24500 45566.6
24600 41656
24700 44241.4
24800 43260.8
24900 45451
25000 46727.2
25100 43254
25200 40530.6
25300 40463.4
25400 45158
25500 59672.6
25600 50185.4
25700 41927.2
25800 46369
25900 43092.4
26000 42109.6
26100 43253.4
26200 55930.8
26300 42470.4
26400 44323.8
26500 44208.6
26600 47020.2
26700 48602.2
26800 45498.2
26900 51951.8
27000 51178.6
27100 45714.2
27200 43106.6
27300 48303.6
27400 46665.6
27500 48830.2
27600 45347.8
27700 46905.8
27800 56752.8
27900 47491.6
28000 45435.6
28100 50472.4
28200 48636.4
28300 49334
28400 50267.2
28500 50611.2
28600 48789.2
28700 55663
28800 50617.8
28900 54647
29000 47346.6
29100 55074
29200 57406.4
29300 51088.2
29400 53017.4
29500 57371.8
29600 52304
29700 55281
29800 61905.6
29900 54919.8
30000 61567
30100 58870.2
30200 64468.8
30300 56602
30400 56824.8
30500 63702.8
30600 57034.2
30700 58071.2
30800 58059.8
30900 58160.8
31000 53705.6
31100 55215.4
31200 51997
31300 53752.2
31400 59183.4
31500 52344.6
31600 55775
31700 51251.2
31800 55802.8
31900 56530.8
32000 51857.8
32100 56667.6
32200 55223.6
32300 54666.6
32400 55404
32500 55209.2
32600 59283
32700 55018
32800 58124.4
32900 63714.8
33000 64502.4
33100 54050.8
33200 54744.6
33300 62496.2
33400 54505.6
33500 54973
33600 55159.2
33700 58631
33800 59658.8
33900 61168.4
34000 58073.6
34100 56224.6
34200 61929
34300 56890.4
34400 59561.4
34500 59501.4
34600 59133.2
34700 57543.8
34800 59574.6
34900 58003.2
35000 64634
35100 58052.6
35200 65190
35300 64208.6
35400 62835.6
35500 65413
35600 67833.8
35700 60228.4
35800 58986.8
35900 71573.4
36000 63073.8
36100 73818.2
36200 69128.6
36300 64263
36400 62760
36500 64276.8
36600 60658.6
36700 69741.2
36800 60357
36900 64731.6
37000 63394.2
37100 64359.4
37200 64759.8
37300 59887
37400 60757.4
37500 63369.6
37600 65786.6
37700 62251.8
37800 65155.4
37900 66869.2
38000 76072.8
38100 74731
38200 66868.2
38300 66381.2
38400 74302.4
38500 74853.2
38600 70609.6
38700 68309
38800 65454
38900 66021.6
39000 64936.2
39100 69435.8
39200 64722.6
39300 74112.2
39400 65024.2
39500 70683.4
39600 71480.2
39700 67907.8
39800 69916.6
39900 70017.4
40000 69192.4
40100 70401.4
40200 66015.4
40300 68475.2
40400 73770.4
40500 68026.4
40600 72598.2
40700 68744.6
40800 73391.6
40900 72387
41000 75277.8
41100 69904.2
41200 72178
41300 72618.8
41400 80417.4
41500 83725.4
41600 71148.8
41700 74109.8
41800 82388
41900 71265.8
42000 72653.6
42100 73787
42200 72411.2
42300 73196
42400 74949.8
42500 76635.4
42600 72026.4
42700 82720
42800 72786
42900 75291.8
43000 75476.4
43100 73587.8
43200 76866.8
43300 80083.4
43400 80513
43500 74065.2
43600 76686.6
43700 76117
43800 75865
43900 78739.2
44000 74862.4
44100 75417
44200 81338.6
44300 78740.6
44400 78522.4
44500 82279.6
44600 75318.8
44700 75639.8
44800 86939.8
44900 76809.8
45000 85196.2
45100 77987.8
45200 84067.4
45300 93507.8
45400 88686.4
45500 122562
45600 95480.6
45700 77713.4
45800 90052.8
45900 79836.6
46000 76798.6
46100 93147
46200 82455
46300 88823
46400 80954.4
46500 80270.8
46600 80817.6
46700 82546.2
46800 98697.8
46900 110741
47000 85441.6
47100 102374
47200 99143.4
47300 80793
47400 86762
47500 83690.8
47600 94535.4
47700 87707.4
47800 84414.2
47900 101708
48000 85984.2
48100 79232.4
48200 94004
48300 80180.4
48400 100291
48500 82044.6
48600 86819.4
48700 84167.6
48800 91001.4
48900 89030.8
49000 84991.8
49100 86719.8
49200 100495
49300 82116
49400 88378.8
49500 90638.6
49600 93826.4
49700 86556.2
49800 115668
49900 91982
50000 91887.4
50100 88027.4
50200 90902
50300 85037.8
50400 90424.8
50500 88427.8
50600 92645.6
50700 90170.2
50800 97467.8
50900 94938
51000 98822
51100 87593.8
51200 95642
51300 92987.8
51400 86870.6
51500 88529
51600 100713
51700 90487.6
51800 86448
51900 101748
52000 94532.4
52100 102944
52200 104770
52300 87784.2
52400 90555
52500 101999
52600 93189.4
52700 96746.2
52800 94308
52900 103359
53000 93378.4
53100 90902.6
53200 109287
53300 95714
53400 99798.2
53500 98809.6
53600 100130
53700 89274.2
53800 95432.4
53900 92711.6
54000 91903.6
54100 97054.4
54200 100114
54300 100680
54400 98186.2
54500 102152
54600 94994.4
54700 95703.2
54800 101049
54900 99852.6
55000 94183.6
55100 99613
55200 112484
55300 97483.6
55400 104034
55500 104484
55600 102338
55700 96571.4
55800 101077
55900 105343
56000 96372.8
56100 95230.6
56200 95136
56300 99374.4
56400 98490.4
56500 94058.2
56600 95651.6
56700 95056.4
56800 102631
56900 99172.4
57000 102711
57100 98751.4
57200 110882
57300 100464
57400 111202
57500 102667
57600 99618.8
57700 94951.4
57800 97595.6
57900 104099
58000 103158
58100 108875
58200 113940
58300 107379
58400 107006
58500 111868
58600 106315
58700 101439
58800 103246
58900 112512
59000 107085
59100 117971
59200 118504
59300 138645
59400 105615
59500 107535
59600 136108
59700 107994
59800 103423
59900 118755
60000 107176
60100 112137
60200 98142.8
60300 103863
60400 110771
60500 118260
60600 111845
60700 107997
60800 113656
60900 130032
61000 108186
61100 115662
61200 106973
61300 115512
61400 113332
61500 109649
61600 108084
61700 125361
61800 107965
61900 115940
62000 103920
62100 133284
62200 107267
62300 103281
62400 111975
62500 107967
62600 110857
62700 108964
62800 120021
62900 115991
63000 110581
63100 114987
63200 109094
63300 113124
63400 120612
63500 110263
63600 114417
63700 111485
63800 110226
63900 122239
64000 110371
64100 102772
64200 119956
64300 117788
64400 107043
64500 121162
64600 128875
64700 119621
64800 124852
64900 118363
65000 123147
65100 111750
65200 129812
65300 149198
65400 132454
65500 118348
65600 117491
65700 118917
65800 110202
65900 128483
66000 116682
66100 118361
66200 111566
66300 113135
66400 121048
66500 123128
66600 121090
66700 135495
66800 129805
66900 127189
67000 113051
67100 118557
67200 117279
67300 119194
67400 124515
67500 111638
67600 143820
67700 114369
67800 117910
67900 118840
68000 122252
68100 120647
68200 127600
68300 123353
68400 118865
68500 125322
68600 121081
68700 121332
68800 128731
68900 114093
69000 118218
69100 113451
69200 116824
69300 121109
69400 114340
69500 123683
69600 134816
69700 122334
69800 123459
69900 120962
70000 126646
70100 117978
70200 117690
70300 123083
70400 115193
70500 123472
70600 120484
70700 132171
70800 139603
70900 120151
71000 131239
71100 127541
71200 128563
71300 128607
71400 128511
71500 125418
71600 138837
71700 128732
71800 132045
71900 125431
72000 137768
72100 122718
72200 124752
72300 132665
72400 135852
72500 126564
72600 123714
72700 133742
72800 127331
72900 130155
73000 131156
73100 143530
73200 146441
73300 122990
73400 129324
73500 138897
73600 131722
73700 124121
73800 133592
73900 155721
74000 155337
74100 145509
74200 154154
74300 168155
74400 201723
74500 157346
74600 154836
74700 177841
74800 182399
74900 191479
75000 190694
75100 146686
75200 156072
75300 160764
75400 159723
75500 135150
75600 126743
75700 131089
75800 116444
75900 134674
76000 127094
76100 132727
76200 141159
76300 135378
76400 142355
76500 137802
76600 129678
76700 130177
76800 128397
76900 105978
77000 111654
77100 135521
77200 149616
77300 153846
77400 139533
77500 134782
77600 150572
77700 148069
77800 139387
77900 149771
78000 141382
78100 141014
78200 142843
78300 134191
78400 141130
78500 133023
78600 134912
78700 156065
78800 137210
78900 141588
79000 127055
79100 143359
79200 143188
79300 152805
79400 166975
79500 159475
79600 161618
79700 148712
79800 145482
79900 140315
80000 138402
80100 145512
80200 143323
80300 140606
80400 147241
80500 136832
80600 142933
80700 140446
80800 141239
80900 143345
81000 142583
81100 140633
81200 136091
81300 138492
81400 142478
81500 142386
81600 137216
81700 150896
81800 141979
81900 157721
82000 153062
82100 147026
82200 140620
82300 143122
82400 145882
82500 150527
82600 148115
82700 158547
82800 143360
82900 156007
83000 148878
83100 144425
83200 146277
83300 140712
83400 161466
83500 153756
83600 165558
83700 145008
83800 141330
83900 164519
84000 179724
84100 159668
84200 161280
84300 158456
84400 162282
84500 158713
84600 164674
84700 148046
84800 161850
84900 164053
85000 169659
85100 161659
85200 149127
85300 155875
85400 150540
85500 150634
85600 155784
85700 159216
85800 153751
85900 151548
86000 148885
86100 155157
86200 169178
86300 160587
86400 163322
86500 151295
86600 152028
86700 154354
86800 160610
86900 148326
87000 130537
87100 127512
87200 127940
87300 131995
87400 132119
87500 135538
87600 130965
87700 129705
87800 130798
87900 130884
88000 138225
88100 134932
88200 139057
88300 137835
88400 140886
88500 140884
88600 141937
88700 136513
88800 139866
88900 139119
89000 140757
89100 144162
89200 135674
89300 136063
89400 140852
89500 138051
89600 140569
89700 139720
89800 144384
89900 136288
90000 143436
90100 136699
90200 140147
90300 141067
90400 139416
90500 143588
90600 141659
90700 139522
90800 139497
90900 149120
91000 143123
91100 144031
91200 143189
91300 144603
91400 151162
91500 146368
91600 155519
91700 144895
91800 146272
91900 146433
92000 148831
92100 148354
92200 144614
92300 145420
92400 148219
92500 143478
92600 145818
92700 148523
92800 146591
92900 162081
93000 154688
93100 149290
93200 145994
93300 164737
93400 160889
93500 146709
93600 143742
93700 149010
93800 145443
93900 150242
94000 145725
94100 148503
94200 146814
94300 151878
94400 147795
94500 149841
94600 157184
94700 158828
94800 150696
94900 148540
95000 151283
95100 150107
95200 148073
95300 151390
95400 150458
95500 152992
95600 183518
95700 174357
95800 193110
95900 177094
96000 144806
96100 150429
96200 144101
96300 148569
96400 148105
96500 148463
96600 143056
96700 150146
96800 150169
96900 149588
97000 146899
97100 150095
97200 152787
97300 149246
97400 153402
97500 144219
97600 153392
97700 149141
97800 153007
97900 148468
98000 152357
98100 148914
98200 155755
98300 149939
98400 157431
98500 148480
98600 151494
98700 149417
98800 150147
98900 152312
99000 153532
99100 152751
99200 150759
99300 149073
99400 158086
99500 153668
99600 153653
99700 152196
99800 154634
99900 152377
100000 156576
