100 0.36 0.43
600 0.495 0.438333
1100 0.433636 0.446364
1600 0.3825 0.465
2100 0.45 0.438095
2600 0.398077 0.438846
3100 0.432581 0.444194
3600 0.475 0.452778
4100 0.432439 0.456098
4600 0.428478 0.432174
5100 0.416471 0.432353
5600 0.435536 0.428571
6100 0.486885 0.437869
6600 0.437727 0.453939
7100 0.443662 0.439859
7600 0.441711 0.437763
8100 0.455556 0.446914
8600 0.420698 0.454302
9100 0.453956 0.442747
9600 0.44625 0.443125
10100 0.417921 0.439307
10600 0.431321 0.433113
11100 0.501081 0.446486
11600 0.433707 0.435948
12100 0.450744 0.443884
12600 0.437857 0.449286
13100 0.437634 0.446031
13600 0.399706 0.442059
14100 0.437872 0.444397
14600 0.439521 0.441096
15100 0.45596 0.446556
15600 0.4425 0.439167
16100 0.419814 0.44882
16600 0.429398 0.436747
17100 0.447368 0.445965
17600 0.434659 0.442727
18100 0.429613 0.436961
18600 0.420484 0.445323
19100 0.448115 0.44377
19600 0.465612 0.45449
20100 0.433433 0.442139
20600 0.420728 0.44165
21100 0.442322 0.436114
21600 0.437083 0.444306
22100 0.436561 0.44095
22600 0.466726 0.441858
23100 0.439091 0.444935
23600 0.443898 0.443644
24100 0.436183 0.44112
24600 0.417805 0.449309
25100 0.450717 0.439124
25600 0.470039 0.44668
26100 0.441034 0.443563
26600 0.450338 0.443534
27100 0.429077 0.437675
27600 0.44837 0.447862
28100 0.452242 0.445089
28600 0.450315 0.441154
29100 0.455258 0.448179
29600 0.432061 0.443851
30100 0.454784 0.434618
30600 0.445882 0.444967
31100 0.448842 0.442186
31600 0.454272 0.44212
32100 0.448598 0.444206
32600 0.427638 0.44089
33100 0.444834 0.440514
33600 0.420268 0.441845
34100 0.444194 0.447478
34600 0.444277 0.440896
35100 0.439231 0.443647
35600 0.435843 0.440843
36100 0.432548 0.439861
36600 0.44582 0.44235
37100 0.443208 0.445391
37600 0.454548 0.44266
38100 0.439606 0.443622
38600 0.443472 0.443549
39100 0.432046 0.44491
39600 0.438409 0.444419
40100 0.441471 0.442369
40600 0.451108 0.442143
41100 0.442336 0.443504
41600 0.444591 0.441635
42100 0.445724 0.444751
42600 0.449789 0.441127
43100 0.429954 0.447842
43600 0.440298 0.440826
44100 0.445918 0.442018
44600 0.452018 0.443565
45100 0.450599 0.443925
45600 0.441513 0.444189
46100 0.448829 0.445098
46600 0.45985 0.442661
47100 0.459936 0.44155
47600 0.434307 0.441933
48100 0.436154 0.442911
48600 0.443704 0.442695
49100 0.440835 0.43998
49600 0.427137 0.440343
50100 0.43994 0.441497
50600 0.437905 0.440336
51100 0.449119 0.44409
51600 0.434651 0.442326
52100 0.442745 0.44476
52600 0.436996 0.443327
53100 0.433051 0.441921
53600 0.445299 0.445112
54100 0.431701 0.443974
54600 0.435 0.44511
55100 0.44657 0.441942
55600 0.432842 0.440917
56100 0.438289 0.444724
56600 0.438392 0.443021
57100 0.441646 0.444641
57600 0.457031 0.44349
58100 0.453098 0.441583
58600 0.447543 0.43971
59100 0.446497 0.441557
59600 0.434597 0.444732
60100 0.446406 0.445008
60600 0.446881 0.442937
61100 0.442046 0.443797
61600 0.441818 0.443133
62100 0.45 0.446329
62600 0.440224 0.44524
63100 0.449857 0.442552
63600 0.443632 0.438553
64100 0.437223 0.441732
64600 0.431749 0.442353
65100 0.442949 0.441152
65600 0.445198 0.445305
66100 0.426853 0.441891
66600 0.432838 0.442132
67100 0.44839 0.443964
67600 0.443609 0.442293
68100 0.449339 0.445242
68600 0.445671 0.441574
69100 0.445832 0.446498
69600 0.440302 0.44546
70100 0.44281 0.443395
70600 0.43636 0.442918
71100 0.444051 0.441983
71600 0.436425 0.441704
72100 0.451373 0.44294
72600 0.443182 0.442961
73100 0.451354 0.443653
73600 0.439239 0.440666
74100 0.437247 0.443725
74600 0.440952 0.442815
75100 0.438495 0.443555
75600 0.439167 0.44213
76100 0.449645 0.443325
76600 0.44389 0.44188
77100 0.445564 0.438625
77600 0.441997 0.441985
78100 0.448617 0.442574
78600 0.447481 0.444237
79100 0.442832 0.442996
79600 0.43598 0.441759
80100 0.45 0.441598
80600 0.436712 0.444417
81100 0.440123 0.445549
81600 0.45 0.443713
82100 0.429501 0.443581
82600 0.443571 0.440315
83100 0.447509 0.4471
83600 0.445371 0.442261
84100 0.451712 0.443234
84600 0.447021 0.440934
85100 0.431387 0.442515
85600 0.440432 0.444544
86100 0.44446 0.44403
86600 0.450312 0.445797
87100 0.45713 0.4407
87600 0.451644 0.442945
88100 0.44336 0.443451
88600 0.439334 0.440248
89100 0.441919 0.449012
89600 0.439955 0.440056
90100 0.443707 0.445161
90600 0.441755 0.440982
91100 0.444863 0.444402
91600 0.44381 0.44643
92100 0.446091 0.443138
92600 0.438143 0.441674
93100 0.44565 0.441515
93600 0.452404 0.442906
94100 0.442349 0.443114
94600 0.441057 0.443975
95100 0.44735 0.444048
95600 0.441715 0.44249
96100 0.443444 0.444006
96600 0.44618 0.442516
97100 0.443512 0.440577
97600 0.444006 0.44207
98100 0.430826 0.439072
98600 0.434665 0.443083
99100 0.446458 0.441705
99600 0.443946 0.440994
