100 2.56 2.1248
600 1.84 2.03947
1100 1.97818 1.9968
1600 2.015 1.9472
2100 2.06667 2.0029
2600 1.97846 2.01551
3100 2.07226 2.01414
3600 1.99222 2.02667
4100 2.02829 2.01241
4600 2.01739 2.02296
5100 2.03608 1.99429
5600 2.01643 2.03429
6100 2.02033 2.03919
6600 1.98061 2.01891
7100 2.01859 2.00113
7600 2.00842 2.02274
8100 2.01481 2.02398
8600 2.00186 2.00662
9100 2.00747 1.97626
9600 2.04083 2.00933
10100 1.98812 1.99832
10600 1.99849 2.00743
11100 2.00901 2.00072
11600 1.96621 2.01048
12100 2.01818 2.01034
12600 2.02571 2.01062
13100 1.99847 2.00892
13600 2.02059 2.00113
14100 2.0156 2.01205
14600 1.99397 2.02696
15100 2.02649 2.0163
15600 2.03026 2.00484
16100 2.00944 2.003
16600 2.00819 2.02363
17100 2.01544 2.02644
17600 2.03909 2.00655
18100 2.01547 2.02579
18600 1.99978 2.01222
19100 2.01864 2.00163
19600 2.00592 2.00294
20100 2.03303 2.0075
20600 2.0068 2.00711
21100 2.00569 2.01937
21600 2.00204 2.00486
22100 2.00326 2.01024
22600 2.00602 2.00801
23100 2.01818 2.01398
23600 2.02034 2.00732
24100 2.01842 2.01826
24600 2.01268 2.00669
25100 2.01402 1.99966
25600 2.00672 2.0077
26100 2.02636 2.01818
26600 2.01173 2.0121
27100 2.01092 2.01248
27600 2.01304 2.01238
28100 2.03416 2.01092
28600 2.02 2.00289
29100 2.00921 2.00964
29600 2.01581 2.01245
30100 2.01821 2.00718
30600 2.03373 2.01713
31100 2.01402 2.01779
31600 2.00152 2.01827
32100 2.02181 2.00358
32600 2.00994 2.00544
33100 1.98647 1.99363
33600 1.99881 2.008
34100 2.01795 2.01654
34600 2.00879 2.01404
35100 2.01162 2.01328
35600 2.02607 2.00047
36100 2.01651 2.0012
36600 2.01366 2.00974
37100 2.00474 2.01957
37600 1.99628 2.00912
38100 2.0063 2.01192
38600 2.00415 2.01212
39100 2.00951 2.01232
39600 2.00758 2.00365
40100 2.01805 2.01212
40600 2.00069 2.00922
41100 2.00311 2.02396
41600 2.00875 2.01643
42100 2.02071 2.00738
42600 2.00507 2.00623
43100 2.00594 2.01895
43600 1.99835 2.00878
44100 2.01342 2.00377
44600 2.02233 2.00834
45100 2.00355 2.01252
45600 2.02342 2.00982
46100 2.01041 2.00674
46600 2.00841 2.00647
47100 2.0214 2.01245
47600 2.01261 2.00573
48100 2.01156 2.0141
48600 2.00313 2.00907
49100 2 2.00874
49600 1.99508 2.0128
50100 2.01381 2.01836
50600 2.00182 2.00292
51100 2.00932 2.00647
51600 2.00977 2.016
52100 2.00914 2.00712
52600 1.99125 2.01495
53100 2.01243 1.99743
53600 2.00791 2.01056
54100 2.01686 2.01142
54600 2.01033 2.00552
55100 2.01619 2.01223
55600 2.01151 2.01089
56100 2.0082 2.01145
56600 2.02205 2.01096
57100 2.00687 2.00572
57600 2.00882 2.01764
58100 2.01239 2.01046
58600 1.9957 2.0006
59100 2 2.01465
59600 1.99832 2.01802
60100 2.02609 2.01226
60600 2.02574 2.00816
61100 2.01538 2.01033
61600 2.01916 2.00503
62100 2.00496 2.02092
62600 2.02019 2.01348
63100 2.00298 2.01088
63600 2.01547 2.01218
64100 2.01367 2.00635
64600 2.0169 2.00885
65100 2.0032 2.01969
65600 2.01915 2.01452
66100 2.01198 2.01094
66600 2.00024 2.00268
67100 2.00918 2.01027
67600 1.99888 2.01259
68100 2.01004 2.00947
68600 2.01569 2.01098
69100 2.01337 2.00936
69600 2.00023 2.01229
70100 2.0073 2.00976
70600 2.00102 2.01254
71100 2.00056 2.00789
71600 2.02151 2.01275
72100 2.00666 2.01107
72600 2.01466 2.01609
73100 2.00055 2.01424
73600 2.00168 2.01127
74100 2.00313 2.01539
74600 2.01024 2.0106
75100 2.02296 2.01183
75600 2.00153 2.01339
76100 2.01172 2.00881
76600 1.99958 2.00997
77100 2.01738 2.01171
77600 1.99789 2.01904
78100 2.01096 2.00086
78600 2.00667 2.01523
79100 2.00743 2.01098
79600 2.01136 2.00822
80100 2.01568 2.00473
80600 2.01037 2.01278
81100 2.0106 2.0122
81600 2.01804 2.01431
82100 2.01174 2.01807
82600 2.00068 2.00678
83100 2.00582 2.01522
83600 2.01967 2.01107
84100 2.00804 2.01531
84600 2.01574 2.01005
85100 2.0086 2.01497
85600 2.00743 2.00984
86100 2.00813 2.00783
86600 2.00485 2.01377
87100 2.004 2.01491
87600 2.00982 2.00922
88100 1.99401 2.01174
88600 2.00253 2.01214
89100 2.01387 2.0076
89600 2.01955 2.00937
90100 2.02335 2.00933
90600 2.02923 2.01113
91100 2.01146 2.01251
91600 2.01642 2.00303
92100 2.01746 2.01442
92600 2.00726 2.01988
93100 2.01959 2.00986
93600 2.00726 2.00651
94100 2.00574 2.00847
94600 2.00643 2.01204
95100 2.02826 2.00883
95600 2.02205 2.00802
96100 2.01024 2.00921
96600 1.99839 2.0109
97100 2.02056 2.01122
97600 2.00418 2.01241
98100 2.00232 2.0112
98600 2.01631 2.00646
99100 2.01457 2.01486
99600 2.00012 2.006
