500 38.2
600 50.2
700 54.6
800 67.4
900 79.4
1000 102.2
1100 148.4
1200 124
1300 129.8
1400 151.8
1500 193.2
1600 144.8
1700 150
1800 173.4
1900 177
2000 179.8
2100 192
2200 206.6
2300 210
2400 223.2
2500 230
2600 242.4
2700 252.4
2800 263.2
2900 272.8
3000 286.4
3100 352.2
3200 325
3300 353.2
3400 345
3500 396.4
3600 377.8
3700 563.2
3800 452.8
3900 463
4000 455.4
4100 522.6
4200 503.4
4300 528.2
4400 597.2
4500 486
4600 475.4
4700 624.6
4800 570.6
4900 519
5000 543.4
5100 585.4
5200 577.2
5300 553
5400 685.6
5500 652.2
5600 698.6
5700 672.2
5800 803.6
5900 663
6000 1303.8
6100 872.4
6200 929.8
6300 1045.2
6400 711.2
6500 699.8
6600 1052
6700 920.4
6800 1023.8
6900 1010.6
7000 963.8
7100 814
7200 830.2
7300 924.4
7400 799
7500 831.4
7600 798.8
7700 867.6
7800 964.2
7900 1008.8
8000 1010.6
8100 858.2
8200 1580.2
8300 1365.8
8400 998.6
8500 1487.8
8600 930.2
8700 1051.6
8800 1006.2
8900 943.8
9000 1031.6
9100 1076.8
9200 1044.4
9300 981.8
9400 1022.8
9500 1123.4
9600 1025.2
9700 1024.6
9800 1147.4
9900 1069.4
10000 1081
10100 1144
10200 1100.6
10300 1114
10400 1173.4
10500 1128.8
10600 1173.2
10700 1172.2
10800 1476.4
10900 1207.4
11000 1297.2
11100 1184
11200 1255.8
11300 1256.6
11400 1283.2
11500 1315.6
11600 1495.8
11700 1263.8
11800 1267.4
11900 1590.4
12000 1381
12100 1404.8
12200 1393.6
12300 1335.6
12400 1446.4
12500 1597.4
12600 1384.8
12700 1392
12800 1508
12900 1420.2
13000 1477.8
13100 1760.4
13200 1479.6
13300 1583.6
13400 1505.8
13500 1491.8
13600 1611.8
13700 1729.8
13800 1667
13900 1631.6
14000 1574
14100 1591.4
14200 1681
14300 1675.6
14400 1743.8
14500 1737.2
14600 1733
14700 1710.4
14800 1713.2
14900 1766
15000 1754.6
15100 1666.8
15200 1866.8
15300 1772.2
15400 1863
15500 1755.6
15600 1840.8
15700 1987.2
15800 1906.4
15900 1879.2
16000 1886.4
16100 1976.4
16200 1895.4
16300 1810.6
16400 1932.4
16500 1936.2
16600 1973
16700 1962.6
16800 2021.8
16900 2012.2
17000 1905.2
17100 1971.8
17200 1955
17300 1984.2
17400 1937.6
17500 2116.6
17600 2099
17700 2179.8
17800 2135.6
17900 2195.6
18000 2035
18100 2238.6
18200 2275.8
18300 2021.2
18400 2058.6
18500 2210.6
18600 2146.2
18700 2097.6
18800 2211.6
18900 2276.4
19000 2274
19100 2329
19200 2273.4
19300 2326.6
19400 2309.2
19500 2500.4
19600 2376.6
19700 2475.6
19800 2399.4
19900 2371
20000 2399.8
20100 2389.2
20200 2405.6
20300 2433.8
20400 2533
20500 2585
20600 2459.6
20700 2536.6
20800 2571.8
20900 2839
21000 2492.8
21100 2541
21200 2648.6
21300 2666.4
21400 2730.2
21500 2704.6
21600 2635.4
21700 2682.2
21800 2519.8
21900 2759.6
22000 2612
22100 2758.2
22200 2709.4
22300 2774.8
22400 2755.4
22500 2708.2
22600 2823.6
22700 2847.6
22800 2841
22900 2776.4
23000 2878.2
23100 2735.6
23200 2986.2
23300 2882
23400 2980
23500 2834.2
23600 2931.2
23700 2970.4
23800 2985.2
23900 3023.4
24000 3003
24100 3084.8
24200 3057.2
24300 3107.8
24400 3061.2
24500 2904.4
24600 3112.4
24700 3105.2
24800 2994.4
24900 3204.2
25000 3184.6
25100 3141.2
25200 3127.6
25300 3129.6
25400 3233.8
25500 3182.4
25600 2999.6
25700 3218.8
25800 3257.8
25900 3245.4
26000 3355.4
26100 3308.4
26200 3166.4
26300 3321.8
26400 3315.2
26500 3328.8
26600 3389.6
26700 3380
26800 3425.8
26900 3378.4
27000 3423.2
27100 3408
27200 3314.8
27300 3541.4
27400 3458.2
27500 3517.6
27600 3479.4
27700 3504.6
27800 3375.6
27900 3263.2
28000 3536.2
28100 3536.4
28200 3495.6
28300 3587
28400 3616.4
28500 3295.8
28600 3623.6
28700 3626
28800 3572.6
28900 3439.8
29000 3390
29100 3572.8
29200 3609.4
29300 3704.6
29400 3461.4
29500 3682.2
29600 3628.2
29700 4056.8
29800 3890.4
29900 3596.6
30000 3471.8
30100 3828.2
30200 3852
30300 3895.2
30400 3617
30500 3816.6
30600 3748
30700 3789.6
30800 3873.8
30900 3678.8
31000 3918.4
31100 4018.6
31200 3815.8
31300 4009.8
31400 4087.2
31500 3882.2
31600 3868.8
31700 3970.8
31800 4126.6
31900 4079.4
32000 3937
32100 4074.8
32200 3894.8
32300 3788.6
32400 4152.6
32500 3977.2
32600 4233.8
32700 4182.6
32800 4182.6
32900 4082.2
33000 4214.2
33100 4205.8
33200 4034.2
33300 4218.2
33400 4315.4
33500 4441.8
33600 4534
33700 4507.2
33800 4461.2
33900 4006.8
34000 4453
34100 4495.8
34200 4289.2
34300 4627.4
34400 4671
34500 4572.4
34600 4463.2
34700 4500.2
34800 4364.2
34900 4683.8
35000 4464.6
35100 4701.6
35200 4901
35300 4786.4
35400 4742.4
35500 4653.8
35600 4870.8
35700 4872.2
35800 4755.6
35900 4769
36000 5078
36100 4594
36200 4896
36300 4960.8
36400 5077
36500 5027.8
36600 4922.8
36700 4701.2
36800 5029.8
36900 5074
37000 5001.8
37100 5383.8
37200 5084.2
37300 4993.4
37400 4984.2
37500 4932.8
37600 5033.4
37700 5129
37800 5077.4
37900 5044
38000 4934.8
38100 5149.8
38200 5056.2
38300 5166.6
38400 5143.4
38500 5140.4
38600 5209.8
38700 4963.4
38800 5325.2
38900 5135.6
39000 4933.4
39100 5176.2
39200 5445.2
39300 4998
39400 5282
39500 5510.4
39600 4983.2
39700 4954.2
39800 5330
39900 5337.4
40000 5172.8
40100 5411.8
40200 5456.4
40300 5101
40400 5360.4
40500 5345.8
40600 5202.6
40700 5539.8
40800 5685.4
40900 5243.4
41000 5593
41100 5248.4
41200 5384.8
41300 5698.8
41400 5644.2
41500 5632.4
41600 5342.4
41700 5656.8
41800 5746.8
41900 5677.2
42000 5755
42100 5378.8
42200 5828.4
42300 5818.8
42400 6087.8
42500 6195.6
42600 5685.4
42700 5336.8
42800 5479
42900 5601.2
43000 5818
43100 5966.6
43200 5545.8
43300 5905.2
43400 5417.6
43500 5583.6
43600 5956.8
43700 5844.4
43800 5671
43900 5820
44000 6028.8
44100 5709.2
44200 6158.6
44300 6232.8
44400 6215
44500 6312.2
44600 6438.4
44700 6201.8
44800 6192.8
44900 5988.6
45000 6010.2
45100 6263.8
45200 6118.4
45300 6392.4
45400 6282.8
45500 6113
45600 6544.8
45700 6472
45800 6376.6
45900 6352.2
46000 6279.8
46100 6455.2
46200 6369
46300 6598.4
46400 6485.6
46500 6376.2
46600 6197.4
46700 5975.2
46800 5939
46900 6715.2
47000 6530.8
47100 6741.2
47200 6782.8
47300 6626
47400 6633.6
47500 6580
47600 6719
47700 6648.8
47800 6149.4
47900 6325.2
48000 6413.4
48100 6475.6
48200 6311.2
48300 6713
48400 6822.8
48500 6428.8
48600 6458
48700 6583.8
48800 6877.8
48900 6791.2
49000 6279.4
49100 6392.8
49200 6219
49300 6532.4
49400 6348.6
49500 6862.4
49600 6955.2
49700 6522.2
49800 6949.8
49900 6751.6
50000 6752.6
50100 6699
50200 6664
50300 6403.8
50400 6927.4
50500 6489.6
50600 6870.8
50700 7130.2
50800 6902.4
50900 6655
51000 7106.6
51100 7144.2
51200 6699.4
51300 6771.8
51400 7003.8
51500 6676.6
51600 6902.6
51700 7035.2
51800 7247
51900 7021.6
52000 6742.6
52100 7170.4
52200 7036.4
52300 7324.6
52400 7526.4
52500 7787.2
52600 7399.8
52700 7410.6
52800 7565.8
52900 7425
53000 7665.4
53100 7512.2
53200 7581.4
53300 7032
53400 7743.8
53500 7195
53600 7212.6
53700 8024.4
53800 7722.2
53900 7861.2
54000 7698
54100 7302
54200 7771
54300 6977
54400 7763
54500 7192.8
54600 7584.4
54700 7657.8
54800 7543.6
54900 7617
55000 7471.2
55100 7824.4
55200 7679.8
55300 7041.8
55400 7898.8
55500 7954
55600 7182.6
55700 6998.6
55800 7717.4
55900 8102
56000 8144.8
56100 7608.6
56200 7926.6
56300 7758.8
56400 7882
56500 7580.6
56600 7370.6
56700 8267.8
56800 7578
56900 8071.2
57000 7609.6
57100 7974.8
57200 8106.2
57300 7684.8
57400 8173.4
57500 8229.4
57600 7907.6
57700 7866.8
57800 8044.6
57900 7830.4
58000 8213
58100 8183.4
58200 8292.8
58300 7811.8
58400 7836.2
58500 7999.6
58600 8508.2
58700 8420.8
58800 7586.4
58900 7770.8
59000 7748.6
59100 7653.2
59200 8622.8
59300 8724
59400 8132.2
59500 8605.8
59600 8653
59700 8088.8
59800 8621.6
59900 7980
60000 8545.4
60100 8640.2
60200 8439
60300 8505.2
60400 8219.8
60500 8521
60600 8620.6
60700 8691.6
60800 8738.8
60900 7955.6
61000 8436.4
61100 8867.8
61200 8045
61300 8682.2
61400 8730.6
61500 8192.8
61600 8473
61700 7904.6
61800 9089.4
61900 8661.4
62000 8270
62100 8388.6
62200 8335.6
62300 8442
62400 8320.2
62500 8595.8
62600 8398.2
62700 8387.2
62800 8675.2
62900 8157.2
63000 8506
63100 9157.6
63200 8371.4
63300 8572.8
63400 8671.8
63500 8556.6
63600 8931.8
63700 8731.6
63800 8363.8
63900 9407
64000 9639.2
64100 9046.4
64200 8493.8
64300 8561.2
64400 9089.8
64500 9545.2
64600 9268.4
64700 9474.2
64800 8940.4
64900 9792.6
65000 9759.8
65100 9606.4
65200 9804.4
65300 9332.4
65400 9865.6
65500 9597.6
65600 9662.6
65700 9737.8
65800 9499
65900 8957.2
66000 9681.6
66100 9522.8
66200 9682
66300 9423.4
66400 9196.2
66500 9656.4
66600 9022
66700 9631.2
66800 9136.6
66900 9812.8
67000 9300.6
67100 9111.4
67200 9395.2
67300 9136.2
67400 9010.6
67500 9291.2
67600 9891.6
67700 9828.2
67800 9491.4
67900 9087.2
68000 9724.4
68100 9753.4
68200 9732
68300 9488.8
68400 9514.8
68500 8904.8
68600 9417.8
68700 9873.8
68800 9882.2
68900 10141.6
69000 9854.4
69100 9821.4
69200 9431
69300 10013.8
69400 9707.8
69500 9376
69600 9579.8
69700 9091.4
69800 9631.6
69900 10419.8
70000 10062.2
70100 9863.8
70200 10164.8
70300 9906.4
70400 10145.4
70500 9897.2
70600 10011.2
70700 9760.6
70800 9686.4
70900 10305.2
71000 10006.4
71100 10021.8
71200 9672.6
71300 9710.6
71400 9273.4
71500 10202.6
71600 9820.4
71700 9787.2
71800 9673.4
71900 10231.2
72000 10037.2
72100 9641.4
72200 10342
72300 10035.2
72400 9554.6
72500 9973
72600 9843.6
72700 9891.4
72800 9975.6
72900 9880.4
73000 9860.6
73100 9833.4
73200 9784
73300 10038.2
73400 10764.2
73500 9853.8
73600 10037.8
73700 10173.6
73800 11165.8
73900 10739.2
74000 10087.6
74100 10244.4
74200 10199.4
74300 10763.4
74400 10449.2
74500 10551.4
74600 10840.6
74700 10821.4
74800 10605.2
74900 10616.2
75000 10995.4
75100 9984.8
75200 10536.8
75300 10430.8
75400 10691.6
75500 10051.6
75600 11004.2
75700 11044.8
75800 10954
75900 10329
76000 10731.6
76100 10646
76200 10368.2
76300 10760.6
76400 11031.2
76500 11155.8
76600 10922.4
76700 11179.4
76800 11254.8
76900 11161
77000 10246.4
77100 10060.2
77200 10554.2
77300 10959
77400 10063
77500 11022.8
77600 10356.8
77700 10558.2
77800 10716.6
77900 10359.2
78000 10879.4
78100 11056.4
78200 11293.6
78300 11535.8
78400 11542.4
78500 10620.2
78600 11488.4
78700 11403.8
78800 11509.8
78900 11562.2
79000 11316.8
79100 11556
79200 11628.6
79300 11515.2
79400 11091.6
79500 10889.8
79600 11682.2
79700 11867.2
79800 11552.2
79900 10991
80000 11742.2
80100 11839.4
80200 11663.6
80300 11491.4
80400 11618.4
80500 11765.6
80600 11758.8
80700 11407.6
80800 10875.4
80900 11515.8
81000 11227.8
81100 11050.2
81200 11003.6
81300 11586.2
81400 11609.2
81500 11392
81600 11337
81700 11435.6
81800 11268.8
81900 11933.4
82000 11758.2
82100 11095.8
82200 11110.8
82300 10776.6
82400 11252.8
82500 11213.4
82600 11092.2
82700 12049.2
82800 12271
82900 11341.6
83000 12205.8
83100 11254
83200 11970
83300 11776.2
83400 12166.8
83500 12139.2
83600 12312
83700 12544
83800 12191.6
83900 11936.4
84000 12658
84100 11759.6
84200 11345.6
84300 11857.2
84400 12278.2
84500 12216.6
84600 11495.2
84700 11561
84800 12012.8
84900 11858.2
85000 11253.6
85100 12223
85200 11885.6
85300 11715.6
85400 11886.2
85500 11828
85600 12319.6
85700 12079
85800 11663.6
85900 12135.8
86000 12158
86100 12626.4
86200 12268
86300 11804.6
86400 12342.4
86500 12859.2
86600 12555.4
86700 12528.8
86800 12721.4
86900 11891.6
87000 12721.4
87100 12692.2
87200 12675.4
87300 11812.2
87400 12807.8
87500 12702.4
87600 12608.4
87700 12709.8
87800 12749
87900 12595.6
88000 12864.8
88100 12191
88200 12790.4
88300 12751.2
88400 12843
88500 13029.2
88600 12856.8
88700 12115.2
88800 12062.4
88900 12329
89000 12083.8
89100 12743.2
89200 12281.4
89300 12678.8
89400 11840.6
89500 12479.4
89600 11939.8
89700 12381.6
89800 12718.2
89900 12556.4
90000 13170.8
90100 12543.6
90200 12350.4
90300 12153.8
90400 12090.2
90500 13162.6
90600 13666
90700 13192.6
90800 13047.2
90900 12931.8
91000 13405
91100 12402.2
91200 13243.6
91300 12841.6
91400 13237.8
91500 12702.2
91600 12926.8
91700 13414.6
91800 13546.8
91900 12502
92000 13221.4
92100 13480.8
92200 12987.6
92300 13141.4
92400 13511.6
92500 13042.4
92600 12830.8
92700 12885
92800 12275
92900 12617.4
93000 13583.2
93100 12695.8
93200 12563
93300 12274.8
93400 13244.8
93500 12794.4
93600 13421.2
93700 12772.8
93800 12947.4
93900 12849.2
94000 13003.8
94100 13756.2
94200 13579.4
94300 13456.8
94400 13884.6
94500 13183.8
94600 13690.8
94700 13417.2
94800 13208.2
94900 12981.8
95000 14002.6
95100 12731.2
95200 13734
95300 14000.8
95400 13116.8
95500 13444.4
95600 14170.4
95700 13861.2
95800 13931.2
95900 13489
96000 13483.2
96100 14150.6
96200 13457.6
96300 12962
96400 13041.2
96500 12987.6
96600 13399.8
96700 13372.4
96800 12701.6
96900 13702
97000 13615.4
97100 14077.4
97200 13062.2
97300 13326.8
97400 13250.6
97500 13169.6
97600 14201.4
97700 13449.4
97800 14112.6
97900 13171
98000 13736.2
98100 14503.8
98200 13834.4
98300 13823.6
98400 14007.8
98500 14378.4
98600 14337.8
98700 13191.6
98800 14371.2
98900 13655
99000 14404
99100 14278.2
99200 14220
99300 13556.8
99400 14527.6
99500 14456.4
99600 14345.2
99700 14247.4
99800 13651
99900 13635.2
100000 13417.8
