500 20.8
600 26.8
700 31.2
800 38.6
900 51
1000 72.2
1100 64.6
1200 68.8
1300 71
1400 128.4
1500 121.4
1600 85.8
1700 89.4
1800 97.4
1900 99
2000 109.6
2100 116.4
2200 122.6
2300 124.6
2400 133
2500 139.8
2600 146.6
2700 155.6
2800 156.6
2900 164.4
3000 175.8
3100 214.6
3200 183.2
3300 287.4
3400 202.6
3500 206.4
3600 215.8
3700 276.2
3800 230.8
3900 226.8
4000 268.6
4100 369.8
4200 425.6
4300 337.2
4400 297.4
4500 307.2
4600 326.8
4700 289.8
4800 332.4
4900 316
5000 320.4
5100 369.4
5200 344.4
5300 332.2
5400 335.2
5500 371.4
5600 358
5700 394.6
5800 351.6
5900 383.2
6000 678.2
6100 575.4
6200 565.6
6300 503
6400 443.4
6500 527.2
6600 547.2
6700 585.6
6800 639.2
6900 535
7000 450
7100 544.8
7200 519
7300 573.4
7400 536
7500 519.8
7600 494.4
7700 519
7800 526.8
7900 616
8000 731.2
8100 553.6
8200 790
8300 761
8400 697.6
8500 712.8
8600 611
8700 579.8
8800 563
8900 606.2
9000 590.8
9100 599.2
9200 596.6
9300 627.4
9400 599
9500 626.6
9600 691
9700 615.6
9800 698.6
9900 667.4
10000 660
10100 664
10200 693.2
10300 694.2
10400 685.2
10500 814.2
10600 694.6
10700 761.6
10800 706.8
10900 709.2
11000 713.2
11100 760.8
11200 880.8
11300 765.8
11400 812
11500 791
11600 776.4
11700 781.8
11800 889.6
11900 803.6
12000 911.4
12100 813.8
12200 852.6
12300 865.6
12400 872.2
12500 884
12600 866.6
12700 838.2
12800 911.8
12900 848.4
13000 967
13100 904.2
13200 879.6
13300 944.4
13400 949.4
13500 975
13600 1084.6
13700 1000
13800 1010
13900 985.8
14000 1016.8
14100 1212.6
14200 925.6
14300 1050.2
14400 1068.8
14500 1060.8
14600 1074
14700 1045
14800 1089.2
14900 1076.8
15000 1088.4
15100 1028.8
15200 1119.4
15300 1114.8
15400 1128.6
15500 1148.6
15600 1126.2
15700 1081
15800 1167.6
15900 1231.4
16000 1067
16100 1168.8
16200 1118.6
16300 1146.4
16400 1172.4
16500 1211.2
16600 1419.6
16700 1159.6
16800 1237
16900 1166.8
17000 1319.6
17100 1449.4
17200 1218.8
17300 1190.6
17400 1238.8
17500 1342.4
17600 1282
17700 1232.8
17800 1382.8
17900 1236.2
18000 1387.4
18100 1349.2
18200 1293
18300 1472.6
18400 1331.6
18500 1383.2
18600 1378.4
18700 1375.8
18800 1421.8
18900 1408.8
19000 1470.6
19100 1450.4
19200 1461.2
19300 1556.4
19400 1410.6
19500 1452.8
19600 1469
19700 1431
19800 1511
19900 1567.6
20000 1504.2
20100 1474.8
20200 1666.6
20300 1531
20400 1547.6
20500 1504.6
20600 1646.4
20700 1602.8
20800 1642.4
20900 1564.2
21000 1659
21100 1493.8
21200 1598.2
21300 1635.4
21400 1664.6
21500 1579
21600 1709.2
21700 1686.8
21800 1706.4
21900 1616.4
22000 1620.6
22100 1631.2
22200 1722
22300 1752.2
22400 1804
22500 1743.6
22600 1774.2
22700 1777.8
22800 1845.2
22900 1790.8
23000 1637.4
23100 1871.6
23200 1796
23300 1880
23400 1893
23500 1851
23600 1902
23700 1772.8
23800 1881.2
23900 1846.8
24000 1915.8
24100 1844.8
24200 1988.2
24300 1880.4
24400 1949.4
24500 1935.4
24600 1836.6
24700 1985.4
24800 1965.4
24900 2094.2
25000 1980.6
25100 2021.8
25200 2012.2
25300 1992.8
25400 2700.6
25500 1995.4
25600 2051.2
25700 2223
25800 2057.6
25900 2145
26000 2109.8
26100 2057.2
26200 2009.2
26300 2200.6
26400 2091.4
26500 2069.2
26600 2186
26700 2187.4
26800 2122.4
26900 2169.2
27000 2235
27100 2252.4
27200 1924.8
27300 2156.6
27400 2221.2
27500 2152.8
27600 2186.6
27700 2223.8
27800 2367
27900 2180.2
28000 2265.2
28100 2253.2
28200 2283.2
28300 2298.4
28400 2193.2
28500 2221.8
28600 2294.4
28700 2461
28800 2329.8
28900 2189
29000 2103
29100 2215.4
29200 2209.4
29300 2146
29400 2350.8
29500 2300.4
29600 2285.2
29700 2237.4
29800 2177.8
29900 2443.2
30000 2115.2
30100 2441
30200 2527.8
30300 2465.6
30400 2415.2
30500 2398.6
30600 2511
30700 2352
30800 2522.4
30900 2282.2
31000 2499.2
31100 2686.4
31200 2475.4
31300 2630.6
31400 2480.6
31500 2363.6
31600 3022.8
31700 2548.2
31800 2506.6
31900 2693.4
32000 2643.4
32100 2504.8
32200 2570.6
32300 2664.4
32400 2378.4
32500 2692.8
32600 2627.2
32700 2564.2
32800 2835.8
32900 2725.2
33000 2799.2
33100 2766
33200 2805.6
33300 2485.2
33400 2837.6
33500 2914.2
33600 2913.6
33700 2631.6
33800 2960.8
33900 2806.6
34000 2887.4
34100 2960
34200 2906.8
34300 2881.8
34400 2903.6
34500 2707.6
34600 2963.6
34700 3020.4
34800 3107.8
34900 2985
35000 3123.2
35100 3120.8
35200 2658.2
35300 3031.6
35400 3159.8
35500 3077.4
35600 3157.4
35700 3120.8
35800 3163.8
35900 3132.6
36000 3341
36100 3073.4
36200 3129
36300 3138.6
36400 3199
36500 3255.4
36600 3330.4
36700 3246.2
36800 2882.2
36900 3231
37000 3264.6
37100 3316.2
37200 3147.8
37300 3380
37400 3274
37500 3277.8
37600 3258.8
37700 3333.6
37800 3284.8
37900 3249.4
38000 3293.4
38100 3308.4
38200 3042.4
38300 3382.8
38400 3412.4
38500 3387
38600 3133
38700 3004.6
38800 3482
38900 3449
39000 3191.8
39100 3328.6
39200 3502.4
39300 3492.6
39400 3488.6
39500 3131.2
39600 3232.2
39700 3249.6
39800 3575.4
39900 3523
40000 3656.6
40100 3322.6
40200 3157.4
40300 3576.2
40400 3421
40500 3442.6
40600 3997
40700 3642.6
40800 3547.6
40900 3755
41000 3380.4
41100 3668
41200 3712.6
41300 3665
41400 3142.2
41500 3773.4
41600 3735
41700 3681
41800 3713.8
41900 3693.8
42000 3731.8
42100 3823.6
42200 3964
42300 3911.6
42400 3859.6
42500 3496.6
42600 3746.4
42700 3752.4
42800 3687.4
42900 3797.2
43000 3609.4
43100 3768
43200 3914.2
43300 3461.6
43400 3595.2
43500 3592.8
43600 3475.8
43700 4098.4
43800 3909.2
43900 3549
44000 3980
44100 3706.6
44200 4164.6
44300 4242
44400 4121
44500 4127.2
44600 3974.4
44700 3969.8
44800 4229.2
44900 3938.2
45000 4153.2
45100 4127.6
45200 3731.2
45300 3826.2
45400 4053.4
45500 4131.8
45600 4132.4
45700 4119.4
45800 4161.4
45900 4180.6
46000 3929.8
46100 4364.2
46200 4332.2
46300 4147.6
46400 3957.2
46500 4099.4
46600 4044
46700 3838.6
46800 4194.8
46900 4230.2
47000 3957.8
47100 4401.2
47200 4460
47300 4310.6
47400 4229.2
47500 4338
47600 4446
47700 4363
47800 3814.2
47900 4327
48000 4283.6
48100 3967.4
48200 3900.6
48300 4590.2
48400 4441.2
48500 4468.6
48600 4346.2
48700 4419.2
48800 4394.6
48900 4494.8
49000 4117
49100 4630
49200 4778.4
49300 4304.2
49400 4439.8
49500 4118.8
49600 4635.6
49700 4473.8
49800 4293.8
49900 4040.2
50000 4260.4
50100 4696
50200 4149.8
50300 4184.4
50400 4244.6
50500 4494.6
50600 4356.2
50700 4618
50800 4131.8
50900 4470
51000 4690.6
51100 4280
51200 4342
51300 4514.2
51400 4770.2
51500 4755.6
51600 4701.4
51700 4502.2
51800 4430.4
51900 4439.6
52000 4692.2
52100 4683
52200 4670.8
52300 5062.2
52400 4366.8
52500 4541.4
52600 4806.8
52700 5179.2
52800 5056.8
52900 4878.2
53000 4956.8
53100 5080
53200 5154.6
53300 5120.4
53400 4923
53500 4582.2
53600 4405.6
53700 4980.6
53800 5108
53900 5163.4
54000 5032.2
54100 5040
54200 4948.8
54300 4626.4
54400 4886.6
54500 4911.2
54600 5217.4
54700 5138.8
54800 5304.6
54900 5197.6
55000 4981.4
55100 4837
55200 5192.2
55300 4607.6
55400 5082.4
55500 5282.6
55600 5113.6
55700 4874
55800 5342
55900 4864.2
56000 5076.4
56100 5284.4
56200 5141.8
56300 4989.2
56400 4538
56500 5131.8
56600 5216.4
56700 5528.6
56800 5021.2
56900 5197.8
57000 4844
57100 5060.2
57200 4752.2
57300 4902.6
57400 5444
57500 5474.4
57600 4746
57700 5137.4
57800 4966
57900 4893.6
58000 5691.4
58100 5117.2
58200 4853.8
58300 5208.4
58400 5226
58500 5461
58600 5503.2
58700 5213
58800 5069.2
58900 5338
59000 5382.8
59100 5420.6
59200 5859.8
59300 5565.8
59400 5385
59500 5327.6
59600 5672.4
59700 5428
59800 5348.8
59900 5451.2
60000 5144
60100 5702
60200 5633
60300 5683.2
60400 5643.2
60500 5419.6
60600 5891.2
60700 6005.4
60800 5607.4
60900 5157.2
61000 5593
61100 5757
61200 5638.8
61300 5445.2
61400 5295.2
61500 5246.8
61600 5692
61700 5391.4
61800 5776.6
61900 5726.4
62000 5650.2
62100 5124.8
62200 5649.4
62300 5561.8
62400 5910.6
62500 5259.6
62600 5911.8
62700 5731.4
62800 5998
62900 5245
63000 5541.8
63100 5592.8
63200 5951.2
63300 6276
63400 5644.4
63500 5764.6
63600 5657.6
63700 5568.2
63800 5731
63900 6173.8
64000 6065.4
64100 5553.4
64200 5952.6
64300 5915.8
64400 5961.2
64500 6012.4
64600 5624
64700 5564.2
64800 5692.6
64900 6308.6
65000 6177
65100 5976.4
65200 6219.6
65300 5783.2
65400 6373.8
65500 6546.2
65600 6227.4
65700 5616.6
65800 6141.8
65900 6212.6
66000 5706
66100 6231.6
66200 6304
66300 5753.4
66400 6282.4
66500 5852.6
66600 6335
66700 5816.6
66800 5821.8
66900 6081.8
67000 6217.8
67100 6315
67200 6461.8
67300 5903.2
67400 5871.2
67500 6339.8
67600 6516.2
67700 5966
67800 6321.4
67900 6240.6
68000 6123.4
68100 6397
68200 6338.8
68300 5982
68400 6003
68500 6384.2
68600 6345.4
68700 6108.8
68800 6363.2
68900 6177.4
69000 5969.8
69100 6206.4
69200 6372
69300 6764.6
69400 6290.2
69500 6355.2
69600 6642.8
69700 6584.8
69800 6591
69900 6104.4
70000 6696.2
70100 6602.6
70200 6633.4
70300 6240.4
70400 6619
70500 6664.4
70600 6643.2
70700 6684.2
70800 6238.4
70900 6729
71000 6218.6
71100 6447
71200 6637.2
71300 6335.8
71400 6904.8
71500 6183
71600 6368
71700 6482.2
71800 6773.6
71900 6612
72000 6573.6
72100 6272.2
72200 6859
72300 6841.8
72400 6590.4
72500 6314.8
72600 6264.6
72700 6851.6
72800 6610.6
72900 6406.2
73000 6822
73100 6362.6
73200 6892
73300 6941.6
73400 7105
73500 7053.6
73600 6578.4
73700 7185
73800 6832.2
73900 6935
74000 7090.8
74100 6705.6
74200 6904
74300 7033.4
74400 7020.2
74500 7044
74600 7038.2
74700 7097
74800 6937.4
74900 7161.2
75000 6600.2
75100 7014.2
75200 6730.4
75300 7165.6
75400 7284.4
75500 7070
75600 7176.4
75700 7188.4
75800 7131.6
75900 6867.4
76000 6605
76100 6653.2
76200 6830.4
76300 6519.6
76400 6742.8
76500 7332.8
76600 6834.8
76700 6710.6
76800 6860.6
76900 7373
77000 7037.2
77100 6834.6
77200 7164.8
77300 7018.4
77400 7254
77500 7207.4
77600 6827.4
77700 6740.8
77800 7093.4
77900 7202
78000 7190.4
78100 6725.8
78200 6865.2
78300 7365.8
78400 7053.4
78500 7504.2
78600 7330.4
78700 7290.2
78800 7587.8
78900 7240.8
79000 6689
79100 7417
79200 7149
79300 7309.2
79400 7478.6
79500 7129.6
79600 6710.2
79700 7557.6
79800 7477.6
79900 6809.8
80000 7514.8
80100 7437.2
80200 7454.6
80300 7471
80400 7587
80500 7484
80600 7098
80700 7603
80800 7787.2
80900 6995.2
81000 7137.4
81100 7604.6
81200 7292.6
81300 7164.4
81400 7571.8
81500 7504.6
81600 7113.4
81700 7696.6
81800 7886.4
81900 7641.8
82000 6947.2
82100 7650.2
82200 7624.4
82300 6989.2
82400 7510.2
82500 7753.6
82600 7723.6
82700 7692.4
82800 7631.6
82900 7887
83000 7016
83100 7639.4
83200 7392
83300 7195.2
83400 7812.4
83500 7401.6
83600 8103.4
83700 7646.4
83800 7607.2
83900 8051.4
84000 8082.2
84100 7920.6
84200 7501.4
84300 7594.4
84400 7945.8
84500 7943.8
84600 7673
84700 7684.6
84800 7681.8
84900 7765.4
85000 7827.2
85100 8099.6
85200 7932.4
85300 7889.4
85400 7485
85500 7826.6
85600 7425.4
85700 8039.6
85800 7847.8
85900 8214.2
86000 8101.6
86100 7389
86200 7770.6
86300 7621.8
86400 7926
86500 7903
86600 8232
86700 8058.4
86800 8217.6
86900 8113.8
87000 8143
87100 8169.8
87200 8045.6
87300 7594.4
87400 7962.4
87500 7647.2
87600 8105
87700 8056.2
87800 8306.4
87900 8283
88000 8187.8
88100 8155.4
88200 8094.6
88300 8308.8
88400 7805.4
88500 8266.8
88600 8494.8
88700 7653
88800 7533.4
88900 7529.4
89000 8034.4
89100 8153
89200 7797
89300 7952.6
89400 8201.6
89500 7266.8
89600 7338
89700 7897
89800 8169.4
89900 8019.6
90000 7899.6
90100 7806.6
90200 7317.2
90300 7684.2
90400 8176.6
90500 8121
90600 8195
90700 7722
90800 7934.2
90900 8419
91000 8318
91100 8580.8
91200 7770.2
91300 8053
91400 8398.6
91500 8012.4
91600 7961.8
91700 8450.2
91800 8010.6
91900 8276.8
92000 8120.6
92100 8167.2
92200 7752.6
92300 8056.6
92400 8035.6
92500 7994.8
92600 7966.6
92700 8360.4
92800 8295.2
92900 7595.6
93000 8137.4
93100 7907
93200 8444.8
93300 8154.8
93400 8197.8
93500 8549.4
93600 8232
93700 8161.4
93800 8117.2
93900 8238.2
94000 8329.6
94100 7569.8
94200 8480.2
94300 7947.4
94400 8489
94500 7821.6
94600 7975.8
94700 7998.6
94800 8563.4
94900 7921.8
95000 8120.6
95100 7994.2
95200 8213.4
95300 8445
95400 7625.4
95500 7917
95600 7868
95700 8495.2
95800 8661
95900 8585.2
96000 8272.2
96100 8149
96200 8338.8
96300 7776.6
96400 8356.2
96500 7668.2
96600 8124
96700 7920.6
96800 7569.6
96900 8280.4
97000 8048.4
97100 8467
97200 8366.4
97300 8217
97400 8381.6
97500 8410.4
97600 8355.4
97700 7944
97800 8522.8
97900 7592.6
98000 7804.2
98100 7735.4
98200 8251.8
98300 7685
98400 8440
98500 8320.6
98600 8371.6
98700 8182
98800 8129
98900 8015.8
99000 8234
99100 8056.2
99200 8223.2
99300 7088.6
99400 7814.4
99500 7720.4
99600 7439.6
99700 7467.4
99800 7340.8
99900 7186.6
100000 6407.8
