500 17
600 21.4
700 24.8
800 30.6
900 34.6
1000 48.8
1100 50
1200 53.6
1300 52
1400 83.8
1500 76.8
1600 61.2
1700 64.6
1800 71
1900 74
2000 77
2100 82.2
2200 90
2300 90.2
2400 93.8
2500 98.8
2600 101.8
2700 109.2
2800 113.2
2900 116.6
3000 119.2
3100 131.6
3200 131
3300 133.4
3400 141.6
3500 158
3600 155.6
3700 213.6
3800 170.4
3900 170.6
4000 184.6
4100 210.8
4200 184
4300 264
4400 277
4500 187.6
4600 239
4700 253.4
4800 207
4900 214.8
5000 221.4
5100 286.4
5200 224.8
5300 219.4
5400 270.2
5500 249.6
5600 249.6
5700 250.2
5800 245
5900 251.2
6000 643.8
6100 335
6200 441.6
6300 378
6400 278.4
6500 273.6
6600 385.2
6700 378.4
6800 420.6
6900 407.4
7000 303.4
7100 324.4
7200 329.6
7300 375.6
7400 321.2
7500 348.4
7600 354.8
7700 360.6
7800 334.2
7900 468.2
8000 575.4
8100 400
8200 481.2
8300 457.6
8400 615.8
8500 486.4
8600 472.8
8700 370.2
8800 385.6
8900 378.8
9000 502.2
9100 389.6
9200 395.2
9300 420.8
9400 476.8
9500 408.8
9600 419
9700 432.2
9800 419.4
9900 512.6
10000 432
10100 434.8
10200 466.4
10300 443.4
10400 452
10500 489
10600 469
10700 478.4
10800 541.2
10900 503
11000 512.6
11100 480.4
11200 592
11300 490.4
11400 529.6
11500 528.8
11600 506.4
11700 522.6
11800 551.6
11900 524.6
12000 536
12100 578.4
12200 628.8
12300 538.4
12400 572.2
12500 673
12600 557.6
12700 555.2
12800 635.6
12900 574.8
13000 593.2
13100 574.8
13200 584.2
13300 580.6
13400 735.6
13500 606.6
13600 670
13700 665.8
13800 736.6
13900 681.6
14000 643.6
14100 619
14200 658.4
14300 675
14400 701.4
14500 705.2
14600 725.2
14700 662
14800 700
14900 710.8
15000 722
15100 664.6
15200 672.8
15300 721.2
15400 689.2
15500 691.6
15600 732.6
15700 718.4
15800 750
15900 774.8
16000 739.8
16100 781.8
16200 724.8
16300 730.4
16400 756.6
16500 735
16600 889.2
16700 809.6
16800 826
16900 859.4
17000 758.8
17100 810.6
17200 814.6
17300 803.6
17400 806.8
17500 792.6
17600 809.4
17700 864
17800 794
17900 943
18000 845.4
18100 808.6
18200 919.4
18300 886.4
18400 850.6
18500 879.6
18600 885.4
18700 853.2
18800 937.6
18900 917.4
19000 922.6
19100 1051.4
19200 942
19300 967.8
19400 869.2
19500 934
19600 924.4
19700 1089.4
19800 985.8
19900 919.8
20000 973.4
20100 944.4
20200 1025.8
20300 998.2
20400 1038.4
20500 970.4
20600 1029
20700 979
20800 1040.2
20900 981.6
21000 1063.6
21100 970.8
21200 1053.2
21300 1057.6
21400 1084
21500 1169.8
21600 1083.2
21700 1086.6
21800 991.4
21900 1144.8
22000 1046.2
22100 1054.4
22200 1111
22300 1124.4
22400 1154.6
22500 1136.6
22600 1143.6
22700 1149
22800 1142
22900 1161
23000 1231.8
23100 1170.6
23200 1190.8
23300 1183
23400 1198
23500 1243.6
23600 1204.4
23700 1207
23800 1227.2
23900 1219.8
24000 1223.4
24100 1239
24200 1270
24300 1238
24400 1252.6
24500 1234.6
24600 1480.8
24700 1266.8
24800 1269.4
24900 1239.4
25000 1286.4
25100 1292.8
25200 1328.2
25300 1293.4
25400 1302.4
25500 1309.4
25600 1235.2
25700 1309.4
25800 1355.8
25900 1340.8
26000 1318.6
26100 1322
26200 1341.8
26300 1365.2
26400 1381
26500 1359
26600 1381.6
26700 1404.8
26800 1469.2
26900 1387.4
27000 1405
27100 1413.6
27200 1427.4
27300 1368.6
27400 1447.4
27500 1439.2
27600 1458.6
27700 1424.4
27800 1497
27900 1398
28000 1439.4
28100 1479.4
28200 1458.4
28300 1489.4
28400 1484.8
28500 1415.2
28600 1488.6
28700 1487.2
28800 1502.8
28900 1396.2
29000 1350.8
29100 1354.8
29200 1548.6
29300 1391.4
29400 1529.6
29500 1425.8
29600 1539.8
29700 1402.8
29800 1766
29900 1442.8
30000 1569.2
30100 1537.2
30200 1625.6
30300 1634.2
30400 1461.2
30500 1492.2
30600 1598
30700 1516.8
30800 1611.8
30900 1695.2
31000 1644
31100 1671.8
31200 1479.2
31300 1618.8
31400 1494.8
31500 1669.8
31600 1703.4
31700 1646
31800 1607.8
31900 1684.8
32000 1714.6
32100 1786.2
32200 1590.6
32300 1631
32400 1599.6
32500 1649.2
32600 1556.6
32700 1812.8
32800 1726.2
32900 1733.4
33000 1746.2
33100 1745.4
33200 1741
33300 1594.6
33400 1824.4
33500 1779.2
33600 1858
33700 1623.2
33800 1876
33900 1732.4
34000 1887
34100 1862.2
34200 1904.6
34300 1933.2
34400 1918.8
34500 1644.2
34600 1887.4
34700 1916.2
34800 1955.2
34900 1931.4
35000 1915.8
35100 1935.2
35200 1662.8
35300 1941.8
35400 1951.6
35500 1941
35600 1986.4
35700 1993.4
35800 2066.8
35900 2054.4
36000 2062.2
36100 2024.4
36200 2011.2
36300 1906.4
36400 2016.2
36500 2140.2
36600 2157.4
36700 2068
36800 2090.8
36900 1925.4
37000 2052.2
37100 1931.2
37200 1914.8
37300 2115.8
37400 2142.6
37500 2101.2
37600 2153.2
37700 2102
37800 2115
37900 1873.8
38000 2063
38100 2139.6
38200 1802.6
38300 2054.6
38400 2108.2
38500 2230.6
38600 2109
38700 2059.4
38800 2240.4
38900 2192.4
39000 2049
39100 2146.6
39200 2127.8
39300 2196.8
39400 2235
39500 2049.2
39600 2134
39700 2103.8
39800 2172.4
39900 2291.6
40000 2194.2
40100 2249.8
40200 2086.6
40300 2317.2
40400 1998.2
40500 2259.6
40600 2189.6
40700 2198
40800 2166
40900 2064.4
41000 2354.2
41100 2333.4
41200 2435.6
41300 2352.4
41400 2423.8
41500 2284
41600 2385.2
41700 2347
41800 2418.2
41900 2355.2
42000 2411.2
42100 2364.2
42200 2559.2
42300 2431.4
42400 2530.2
42500 2158.4
42600 2355
42700 2422.8
42800 2191.8
42900 2335
43000 2678
43100 2406.8
43200 2345.8
43300 2572.4
43400 2439.4
43500 2355.8
43600 2330
43700 2331
43800 2316
43900 2484.2
44000 2248.8
44100 2271.6
44200 2529.6
44300 2624.4
44400 2648.4
44500 2640
44600 2630.8
44700 2515.8
44800 2585.6
44900 2508.4
45000 2712.4
45100 2647.2
45200 2398
45300 2661.4
45400 2623.2
45500 2651.2
45600 2692.6
45700 2762.4
45800 2719.2
45900 2699.4
46000 2481.6
46100 2773
46200 2858.6
46300 2684.4
46400 2729.6
46500 2677.6
46600 2588.8
46700 2531.4
46800 2881.2
46900 2796
47000 2475
47100 2787.2
47200 2670.6
47300 2756.6
47400 2798.8
47500 2799.6
47600 2852
47700 2818.6
47800 2698
47900 2657.6
48000 2561.2
48100 2752.4
48200 2599.6
48300 2843.4
48400 2490.8
48500 2936.4
48600 2544
48700 2811
48800 2864.8
48900 2884.8
49000 2642
49100 2787.8
49200 2904.8
49300 2958.6
49400 2800
49500 2789.6
49600 2922.4
49700 2569.8
49800 2680.4
49900 2675.2
50000 3057.4
50100 2968
50200 3018.4
50300 2879.8
50400 2849
50500 2884.6
50600 2797.6
50700 2597.6
50800 2883.8
50900 2957.6
51000 2937.8
51100 2871.4
51200 2861
51300 2768
51400 3010.4
51500 2823.8
51600 3030.6
51700 2781.8
51800 2812.8
51900 2983.6
52000 2961.4
52100 3169.2
52200 2990
52300 3107.4
52400 3337.8
52500 2722.2
52600 3178.4
52700 3131
52800 3149.2
52900 3184.6
53000 2688.8
53100 3181.2
53200 3189.6
53300 3216.2
53400 3256.2
53500 2894.4
53600 3178.6
53700 3232.6
53800 3241.2
53900 3267.4
54000 3229.4
54100 3272.6
54200 2910.6
54300 3019.6
54400 3182.8
54500 3079.2
54600 3328.4
54700 3316.2
54800 3333.2
54900 3315.2
55000 3011.8
55100 3439.8
55200 3328.4
55300 3299
55400 3342
55500 3281.4
55600 3187.8
55700 3195.6
55800 3342.8
55900 2947.8
56000 3368.8
56100 3367.2
56200 2878.8
56300 3136.6
56400 3456
56500 3350.2
56600 3406.6
56700 3691
56800 3526.8
56900 3421
57000 3352.2
57100 3093.2
57200 2959.2
57300 3353.4
57400 3474.8
57500 3481.2
57600 3491.8
57700 3084
57800 3566.4
57900 3490.4
58000 3530
58100 3521
58200 3447.4
58300 3351.2
58400 3199.8
58500 3512.8
58600 3542
58700 3670.8
58800 3292.6
58900 3392
59000 3503.8
59100 3562
59200 3627.6
59300 3635
59400 3258.8
59500 3199
59600 3462.8
59700 3437.4
59800 3735.8
59900 3444.4
60000 3649.6
60100 3660.8
60200 3672.4
60300 3707.2
60400 3562.4
60500 3313.6
60600 3794.4
60700 3727.8
60800 3653
60900 3350.2
61000 3225.8
61100 3764.8
61200 3327.4
61300 3844
61400 3754.6
61500 3276.6
61600 3471
61700 3435
61800 3776.2
61900 3697.4
62000 3632.8
62100 3710.8
62200 3644.4
62300 3431.6
62400 3404.4
62500 3861.8
62600 3514.6
62700 3617
62800 3797.8
62900 3732.4
63000 3803.4
63100 3757.4
63200 3551.2
63300 3846.4
63400 3429.6
63500 3690.4
63600 3877.6
63700 3796
63800 3992
63900 4054
64000 3998.6
64100 3427.6
64200 3708.6
64300 3784
64400 3958.8
64500 3947.6
64600 4067.8
64700 4131
64800 3833.4
64900 4070.4
65000 4162.4
65100 4102.6
65200 3713
65300 4047.2
65400 4176.2
65500 4150
65600 4130.2
65700 4142.4
65800 4119.4
65900 3979.4
66000 3715
66100 4151
66200 4151.2
66300 3601.2
66400 4115.8
66500 3640.6
66600 3956.8
66700 3561.8
66800 3732
66900 3804
67000 3809.6
67100 4127.4
67200 4087.4
67300 4057.6
67400 4036
67500 3794
67600 4355
67700 4228.4
67800 3773.4
67900 4054
68000 3851.6
68100 3894
68200 3888.2
68300 4218.2
68400 3908.2
68500 3837.6
68600 3747.6
68700 4299
68800 3792.8
68900 3819.6
69000 4301.4
69100 4207
69200 4331.2
69300 4346.4
69400 4264
69500 3934.6
69600 4135
69700 3910.6
69800 4309.2
69900 4291
70000 4348.2
70100 4250.4
70200 4358.4
70300 3811
70400 4330.4
70500 4388.2
70600 4352.6
70700 3985
70800 4159
70900 3738.8
71000 4290
71100 4378
71200 4169
71300 4069.6
71400 4203.2
71500 4215
71600 4094.8
71700 4067.4
71800 4150.4
71900 4276.6
72000 4077.4
72100 4344.8
72200 4468.2
72300 4112
72400 4371.8
72500 4193.6
72600 4483.8
72700 4388.6
72800 4510.2
72900 3877.6
73000 4116.2
73100 4305.6
73200 4183.8
73300 4482.8
73400 4520
73500 4565.4
73600 4402
73700 4460.6
73800 4049.2
73900 4364
74000 4513.2
74100 4082.8
74200 4144
74300 4608.6
74400 4593.6
74500 4559
74600 4700.8
74700 4506
74800 4241.8
74900 4731.2
75000 4650
75100 4522.6
75200 4281
75300 4589.8
75400 4591.6
75500 4618.6
75600 4686
75700 4593.8
75800 4399
75900 4485.8
76000 4319.6
76100 4435.4
76200 4295.6
76300 4516.2
76400 4721.6
76500 4082.2
76600 4650.4
76700 4359.6
76800 4778
76900 4886.8
77000 4401
77100 4649
77200 4579
77300 4348
77400 4670.4
77500 4279.8
77600 4469.6
77700 4436
77800 4708
77900 4604
78000 4411.4
78100 4391.8
78200 4941
78300 4940.6
78400 4633.6
78500 4786
78600 4922
78700 5009.2
78800 4875.2
78900 4932.4
79000 4934
79100 4488
79200 4919
79300 4515.2
79400 4505
79500 4587
79600 4707.6
79700 4944.2
79800 4578.2
79900 4620.8
80000 5026
80100 4628.8
80200 4382.4
80300 4471.2
80400 4982.2
80500 4938.2
80600 4455
80700 4982.2
80800 5015.6
80900 4865
81000 4744.8
81100 4867.4
81200 4484.6
81300 4967.4
81400 4954
81500 5085.8
81600 4753.6
81700 5010.2
81800 5033.2
81900 5147.2
82000 4793.2
82100 5076.6
82200 5056.4
82300 4633.6
82400 4683.2
82500 4996
82600 5129.4
82700 5038.2
82800 4534.4
82900 5163.6
83000 5122
83100 4717.8
83200 5166.6
83300 5118.6
83400 4914.4
83500 4614.8
83600 5448.4
83700 5430.4
83800 4572.2
83900 5269.8
84000 5347.6
84100 5395.4
84200 5085.2
84300 4780
84400 5206.2
84500 5319.4
84600 5139
84700 5122
84800 4907.6
84900 4794.6
85000 4902
85100 5313.2
85200 5285.8
85300 4960.4
85400 5050.8
85500 5192.6
85600 4877.2
85700 5277.2
85800 5302.2
85900 5307.2
86000 5294
86100 5272.4
86200 4986.8
86300 5282.6
86400 5165.2
86500 5474.2
86600 5461.2
86700 5459.4
86800 5405
86900 5221
87000 5480.2
87100 5485.6
87200 4926.4
87300 5223.2
87400 5093
87500 5486
87600 5604.8
87700 5534.6
87800 5518.8
87900 5445.6
88000 5340.8
88100 5616.4
88200 5410.8
88300 5656.6
88400 5405.6
88500 5455.4
88600 5581.4
88700 5510.4
88800 5148.2
88900 5555.4
89000 5486
89100 5590.2
89200 5194.4
89300 5069.4
89400 5089.2
89500 5089.4
89600 5389.2
89700 5056.8
89800 5472.6
89900 5586.2
90000 4810.6
90100 5464.4
90200 5158.6
90300 5632.4
90400 5606.6
90500 5701.4
90600 5579.8
90700 5391.4
90800 5313.6
90900 5742
91000 5734.2
91100 5744.2
91200 5694.6
91300 5354.6
91400 5730
91500 5351.4
91600 5371.4
91700 5754.6
91800 5704.4
91900 5793
92000 5795.4
92100 5797.6
92200 5649.2
92300 5357.6
92400 5810.4
92500 5455.8
92600 5623.2
92700 5715.2
92800 5766.8
92900 5259.8
93000 5463.2
93100 5712.2
93200 5770.8
93300 5341.4
93400 5663.8
93500 5576.2
93600 5842.6
93700 5718.2
93800 5420.2
93900 5360
94000 5935.6
94100 5631
94200 5634.4
94300 5839
94400 5233.6
94500 5630
94600 5833.8
94700 6510.4
94800 6010
94900 5684.4
95000 6027.8
95100 5727
95200 5593.6
95300 5691.2
95400 5881.4
95500 5973.6
95600 5968.6
95700 6044.8
95800 5997.8
95900 6110.4
96000 5920
96100 6027.2
96200 6043.4
96300 5529.4
96400 5908.6
96500 5636
96600 6167.2
96700 5468
96800 5821.8
96900 5728.4
97000 5555.6
97100 5841.2
97200 5998
97300 5750
97400 6156.2
97500 5750.4
97600 6044.2
97700 5985.6
97800 6157.8
97900 6202.2
98000 5778.4
98100 5915.2
98200 6115.8
98300 6128.6
98400 6254.6
98500 6251.6
98600 6241
98700 6192.4
98800 6284.2
98900 6222.6
99000 6155
99100 6131.4
99200 6204.8
99300 6165.2
99400 6192.6
99500 6263
99600 6171.8
99700 6254.8
99800 6227
99900 5922.2
100000 6147
