500 35.8
600 43
700 56.2
800 60.4
900 98
1000 87.2
1100 118.6
1200 134
1300 124.8
1400 140.6
1500 168
1600 135.4
1700 140.8
1800 150.2
1900 157.4
2000 164.4
2100 176
2200 230.8
2300 193.8
2400 206
2500 216.2
2600 225.6
2700 233.8
2800 241.2
2900 261.6
3000 264
3100 310.8
3200 318.4
3300 410.8
3400 316.2
3500 330.2
3600 328.8
3700 499.2
3800 358
3900 490.2
4000 446.6
4100 410.8
4200 398.2
4300 480.8
4400 522.4
4500 431.8
4600 465.4
4700 427.4
4800 516.4
4900 459.6
5000 498.6
5100 468.8
5200 582.2
5300 552.2
5400 507.8
5500 580
5600 572.2
5700 740
5800 551.6
5900 627
6000 1341
6100 815.6
6200 765
6300 875.6
6400 786.8
6500 703
6600 901.2
6700 900
6800 891.4
6900 948.2
7000 866.6
7100 676.6
7200 733.4
7300 903.4
7400 754
7500 844.2
7600 905.6
7700 771.2
7800 763.8
7900 803.6
8000 829.8
8100 762.2
8200 859.8
8300 1221.8
8400 949.8
8500 1056.6
8600 897.4
8700 836.8
8800 852.4
8900 913.8
9000 1059
9100 891
9200 888.8
9300 920.8
9400 953.2
9500 949.6
9600 1000.4
9700 936.6
9800 1130
9900 1021.8
10000 945.4
10100 978
10200 1014.6
10300 1091.4
10400 979.4
10500 996.6
10600 1025.4
10700 1031.6
10800 1103.2
10900 1034.6
11000 1096
11100 1088.4
11200 1133
11300 1146.4
11400 1161.4
11500 1173.8
11600 1165.8
11700 1145
11800 1118.4
11900 1329.8
12000 1242
12100 1268.2
12200 1289.6
12300 1201
12400 1293.4
12500 1239
12600 1245.4
12700 1255.4
12800 1685.8
12900 1264.6
13000 1277.8
13100 1458
13200 1282.8
13300 1371.4
13400 1373.8
13500 1359.4
13600 1795.8
13700 1542.6
13800 1558
13900 1456
14000 1412.2
14100 1461.8
14200 1409
14300 1518.8
14400 1462
14500 1508.8
14600 1573
14700 1521
14800 1576.6
14900 1601.8
15000 1486.6
15100 1541.4
15200 1803.4
15300 1584.4
15400 1512
15500 1546.8
15600 1600.2
15700 1760.8
15800 1685.8
15900 1673.6
16000 1592.8
16100 1598.6
16200 1620.2
16300 1642.6
16400 1729.8
16500 1637
16600 1653.8
16700 1696.8
16800 1820.6
16900 1873.8
17000 1927.2
17100 1670
17200 1703
17300 1757.2
17400 1837.6
17500 1991.6
17600 1875
17700 1949.4
17800 1889.6
17900 1771.4
18000 1848.6
18100 1908.8
18200 1924.4
18300 1878.2
18400 1854.2
18500 1981.2
18600 1886.2
18700 1898.4
18800 1984.4
18900 2044.2
19000 2071.6
19100 2104.8
19200 1910.2
19300 2147.6
19400 2107.6
19500 2097.2
19600 2161.6
19700 2160.6
19800 2189.4
19900 2264.2
20000 1994
20100 2182.4
20200 2055.2
20300 2174.2
20400 2223.8
20500 2328.2
20600 2387.6
20700 2268.2
20800 2236
20900 2174.2
21000 2458
21100 2590.8
21200 2253.8
21300 2343.6
21400 2411
21500 2406.8
21600 2425.4
21700 2413.8
21800 2364.6
21900 2236.8
22000 2205.8
22100 2431.8
22200 2427.4
22300 2500.2
22400 2495.4
22500 2511.2
22600 2466.2
22700 2548.8
22800 2563.8
22900 2402.2
23000 2610.4
23100 2477
23200 2681.4
23300 2579.4
23400 2642.8
23500 2866
23600 2705.4
23700 2647.2
23800 2737
23900 2626
24000 2726.2
24100 2730.4
24200 2776.2
24300 2760.2
24400 2775
24500 2606
24600 2556
24700 2853
24800 2627.2
24900 2777
25000 2836.8
25100 2885.4
25200 2920
25300 2689
25400 2879.4
25500 2887
25600 2601.2
25700 2862.8
25800 2920.2
25900 2849.4
26000 2972.4
26100 2920.2
26200 2810.8
26300 2980.4
26400 2925.4
26500 2997.6
26600 3002.4
26700 3105.4
26800 3036
26900 3106
27000 2820
27100 3047.8
27200 2763.8
27300 3085
27400 3080.8
27500 3141
27600 3171.2
27700 3160.4
27800 3181.4
27900 2977
28000 3174.2
28100 3017
28200 3227.2
28300 3297.4
28400 3275.8
28500 3069.8
28600 3112.6
28700 3236.6
28800 3024.6
28900 3463.4
29000 3024.6
29100 3075.2
29200 3087
29300 3084.2
29400 3284.2
29500 3401.6
29600 3450.2
29700 3297.2
29800 3271.6
29900 3256.2
30000 3151.2
30100 3246.6
30200 3544.6
30300 3485.4
30400 3505.4
30500 3264.8
30600 3282.6
30700 3665.4
30800 3269.6
30900 3313.4
31000 3370.8
31100 3751.4
31200 3707
31300 3607.4
31400 3782
31500 3537.6
31600 3909
31700 3538.4
31800 3754.2
31900 3526.4
32000 3504.6
32100 3428
32200 3689.4
32300 3976.4
32400 3865.2
32500 3672.2
32600 3939.4
32700 3801.8
32800 3588.2
32900 3469.8
33000 3582.6
33100 3579.4
33200 3756
33300 3593.6
33400 3904.8
33500 4087.6
33600 4156.4
33700 4138.6
33800 4070.4
33900 4260.4
34000 3725.6
34100 3854.8
34200 3945
34300 4244.6
34400 4227.4
34500 4127
34600 3978.4
34700 4254.6
34800 4234.8
34900 4324.2
35000 3813.2
35100 4385.2
35200 4330.8
35300 4322.2
35400 4295.6
35500 4358
35600 4371.2
35700 4449.2
35800 4106.4
35900 4155.8
36000 4578.8
36100 4256.2
36200 4151
36300 4116.8
36400 4366
36500 4574.6
36600 4567.2
36700 4594
36800 4682.8
36900 4611.2
37000 4477.2
37100 4572.6
37200 4560.8
37300 4379.2
37400 4842.8
37500 4612.6
37600 4636.8
37700 4814.4
37800 4579.2
37900 4543.8
38000 4574.6
38100 4796.8
38200 4609
38300 4704.4
38400 4712
38500 4769.8
38600 4289.8
38700 4786.2
38800 4854
38900 4886.8
39000 4281
39100 4448.2
39200 4831.8
39300 4397.6
39400 4903
39500 5020.8
39600 4891.2
39700 5220.8
39800 4722.6
39900 4916
40000 5125.8
40100 4967.2
40200 4855.2
40300 5076
40400 5082.2
40500 4577.8
40600 5083.2
40700 5056.2
40800 5202
40900 4616.2
41000 5091.4
41100 4992.6
41200 5282
41300 5079.8
41400 5121
41500 5290.6
41600 5184.8
41700 4678.6
41800 5202.2
41900 5428.6
42000 4737.2
42100 5402.8
42200 5756.4
42300 5171.4
42400 5564.8
42500 5126.4
42600 5397.6
42700 5073.6
42800 5116.4
42900 4844
43000 4987
43100 5267.4
43200 4920.8
43300 5420.2
43400 5270.8
43500 5236
43600 5473.8
43700 5422.2
43800 4994.2
43900 5037.8
44000 5543.2
44100 5477.8
44200 5273
44300 5772.2
44400 5698
44500 5699.8
44600 5492.6
44700 5776.4
44800 5738
44900 5618.6
45000 5202.4
45100 5627.8
45200 5438.8
45300 5759.8
45400 5586.8
45500 5657.6
45600 5768.4
45700 5837.4
45800 5927.2
45900 5571
46000 6094.2
46100 6078.2
46200 5972.2
46300 6042.6
46400 5419.8
46500 5640.8
46600 5351.6
46700 5757.8
46800 5703.8
46900 5902.6
47000 6179.4
47100 6163.4
47200 6140
47300 5953.6
47400 6024.8
47500 6138
47600 6075
47700 6034.6
47800 5396
47900 6233.8
48000 5592
48100 5498
48200 5649.2
48300 5887.8
48400 6101.2
48500 5758.8
48600 5679
48700 5909.2
48800 5747.8
48900 6255.6
49000 6291.2
49100 5705.8
49200 6322.2
49300 5757
49400 5895.4
49500 6359
49600 6495
49700 6280.4
49800 6047.4
49900 6467.8
50000 6291.6
50100 6168.8
50200 5880.6
50300 5763.8
50400 6124.6
50500 6383.8
50600 6078.8
50700 6028.6
50800 6390
50900 6051
51000 6280
51100 6357.6
51200 6444.4
51300 5976.8
51400 6044.4
51500 6630.2
51600 6196.6
51700 6030.2
51800 6712
51900 6727.6
52000 6763.6
52100 5931.4
52200 6140.4
52300 6670.6
52400 6363.4
52500 6802.2
52600 6882.8
52700 6816
52800 6789
52900 7019.2
53000 6851.6
53100 6337
53200 6938.4
53300 6439.8
53400 7060.2
53500 7006.4
53600 6418.6
53700 7117.4
53800 7067.2
53900 7200.8
54000 7161.8
54100 7087.4
54200 7036.8
54300 7167.4
54400 6878
54500 6647.2
54600 6821.4
54700 6678.8
54800 7059
54900 6715.6
55000 7190.6
55100 6737.8
55200 6487.2
55300 7284
55400 6960.2
55500 7229.6
55600 7199.4
55700 6902
55800 6765.6
55900 7004.8
56000 7307.8
56100 6491.8
56200 7400.2
56300 7158.8
56400 6721.6
56500 6989.2
56600 6676.2
56700 7533.2
56800 6534.4
56900 7043
57000 7077.4
57100 7384.2
57200 7375
57300 7437.4
57400 7245.2
57500 7020
57600 7475.8
57700 7392.6
57800 7142.4
57900 7063.6
58000 7250.2
58100 7809
58200 7599.2
58300 7362.2
58400 7212.2
58500 7261.4
58600 7784.4
58700 7797.2
58800 7231.4
58900 7574.8
59000 7417.4
59100 7757.6
59200 7796.6
59300 7834.6
59400 7895.6
59500 7832
59600 7305.8
59700 7507.2
59800 8020
59900 7069.6
60000 7831
60100 7812.6
60200 7745.8
60300 7781.8
60400 7473.6
60500 7878.8
60600 8046
60700 8040.6
60800 7338.2
60900 7521.4
61000 8331.6
61100 7821.2
61200 7310.6
61300 8135.2
61400 8199.4
61500 8083.2
61600 7552.4
61700 7549
61800 8097.2
61900 8251.6
62000 7435.6
62100 7576.4
62200 7861.6
62300 8097.6
62400 8217.4
62500 8390.4
62600 8244.4
62700 8140.4
62800 8127.2
62900 7509
63000 7823.4
63100 8434
63200 7771.2
63300 7423.6
63400 8152
63500 8469.4
63600 7833.8
63700 8206.4
63800 8052.6
63900 8426.6
64000 8495.8
64100 8355.6
64200 8459.8
64300 8158.6
64400 7953.6
64500 8456.4
64600 8126.6
64700 8893.2
64800 8246.2
64900 8634.4
65000 8865
65100 8926.6
65200 8870.4
65300 8788.2
65400 8924.8
65500 8196.8
65600 9131.6
65700 8826.4
65800 8478.4
65900 8713.6
66000 8871
66100 8500.8
66200 8431.8
66300 8622.8
66400 8936.2
66500 8773
66600 8382.2
66700 7969.8
66800 8483.8
66900 8270.6
67000 8086.6
67100 8206
67200 8262.6
67300 8800.8
67400 8807.2
67500 9146
67600 9063.6
67700 8315.2
67800 8185.4
67900 8555
68000 8774
68100 8413.8
68200 8615.8
68300 8470.2
68400 9107.2
68500 9093.6
68600 8723.4
68700 8708.4
68800 9312.8
68900 9156
69000 9033.6
69100 9144
69200 9094.4
69300 8810.8
69400 8940.2
69500 8661.2
69600 9076.2
69700 9151.2
69800 8635.4
69900 9241.6
70000 9115
70100 8820.2
70200 9287.6
70300 8492.2
70400 9298.4
70500 9269.8
70600 8912
70700 9375.4
70800 9427.6
70900 9345.2
71000 9391
71100 9002.6
71200 9107
71300 8665.6
71400 9245
71500 9311
71600 8939.6
71700 8764.6
71800 9290.2
71900 9328.8
72000 8872
72100 8588.6
72200 9305
72300 9059.6
72400 9634.8
72500 8709.2
72600 8987.6
72700 9398.2
72800 8702.2
72900 9246.6
73000 9431.6
73100 9096
73200 9239.4
73300 9171.4
73400 9375.8
73500 9229
73600 9483.2
73700 9698
73800 9834.6
73900 10216.8
74000 9749.8
74100 9085.4
74200 9491.8
74300 9601.2
74400 9528
74500 9657.6
74600 9911
74700 9429.8
74800 9161.4
74900 9516.6
75000 9925.6
75100 9182.8
75200 9371.2
75300 9858.8
75400 9870.4
75500 9041
75600 10253.6
75700 9511.4
75800 10017.6
75900 10099.8
76000 9918.4
76100 10104.8
76200 9588.8
76300 10080.6
76400 10073
76500 9816.4
76600 9416.8
76700 9900.6
76800 10327
76900 9918.2
77000 9400.8
77100 9505.8
77200 9521.2
77300 9781.2
77400 9625.4
77500 9518
77600 10362
77700 9876.2
77800 9689.4
77900 9220.4
78000 9891.6
78100 9821.6
78200 10385
78300 10399
78400 10376
78500 9788.2
78600 9843.2
78700 9799.2
78800 10474
78900 10400
79000 9969.4
79100 10114.6
79200 10481.8
79300 9777.2
79400 9980.2
79500 9523.6
79600 9985.4
79700 10379.4
79800 10582.2
79900 10416.8
80000 10509.2
80100 10212.4
80200 10550.8
80300 10299.2
80400 10692
80500 10631.2
80600 9672.6
80700 9806.8
80800 10622.4
80900 9598.2
81000 9992.8
81100 10283.2
81200 9594
81300 10464.6
81400 10495.6
81500 9960.4
81600 10324
81700 9899.8
81800 10381.2
81900 10275
82000 10157
82100 10018.8
82200 10069
82300 10301.2
82400 9996.6
82500 10420.4
82600 10447.2
82700 10720.2
82800 10598.8
82900 10785
83000 10847.4
83100 9941.8
83200 10618
83300 10173.2
83400 10998.2
83500 10151
83600 10979.6
83700 11512.6
83800 11211.4
83900 10612.6
84000 10727.4
84100 10228.2
84200 10016
84300 11148
84400 10838
84500 10384
84600 10317.2
84700 10375.4
84800 10512.2
84900 10314.2
85000 10750.2
85100 11055
85200 10749.4
85300 10104.6
85400 11067.2
85500 10703.2
85600 11168.6
85700 10218.2
85800 10614.2
85900 11285.6
86000 11464.8
86100 10469
86200 10905.2
86300 10755.4
86400 10896.6
86500 10573.6
86600 11117.4
86700 11552.6
86800 10713.4
86900 11141.6
87000 11065.6
87100 11532.6
87200 10714
87300 10999
87400 11301
87500 11609.6
87600 10687.8
87700 11326.2
87800 11578
87900 10711
88000 11585
88100 11545.4
88200 11745.8
88300 11299.4
88400 11697.2
88500 11508.2
88600 11372.8
88700 11280
88800 11454.4
88900 11607.8
89000 11498.8
89100 11761.4
89200 11565.6
89300 10832
89400 10710.8
89500 10995.6
89600 11330.4
89700 11213.6
89800 11441
89900 11093.2
90000 11063.4
90100 11442.4
90200 11404.2
90300 11415.4
90400 10962.8
90500 11807.4
90600 11767.8
90700 11738.2
90800 12240.4
90900 11703
91000 11713.8
91100 11044.4
91200 11851.8
91300 11674.4
91400 11838.8
91500 11033.2
91600 11494.2
91700 11959.6
91800 11845
91900 11947.2
92000 11788
92100 11878.6
92200 11236.8
92300 11070.8
92400 11802.6
92500 11178.2
92600 11558.6
92700 11125.8
92800 11340.8
92900 11274.6
93000 11876.2
93100 11023
93200 11633.4
93300 11419.8
93400 11006.2
93500 11224.2
93600 11724.4
93700 11406.8
93800 10918.6
93900 11300
94000 11000.6
94100 11484.4
94200 10876.8
94300 11178.6
94400 11212.8
94500 12002.4
94600 11956.8
94700 12077.8
94800 12061.4
94900 12047
95000 11818.8
95100 11590.2
95200 12079.2
95300 12071
95400 11962.2
95500 11670
95600 12344.2
95700 11215.4
95800 12042.4
95900 12055.4
96000 12001.8
96100 11168.2
96200 11485.8
96300 11689.8
96400 11343.8
96500 11466.8
96600 11878.4
96700 12057
96800 11266.4
96900 11680.4
97000 11752.4
97100 11579.2
97200 11237.6
97300 11217.6
97400 11518
97500 12190.6
97600 10992
97700 12062.6
97800 12003.2
97900 11566.8
98000 11080
98100 10903.6
98200 12040.4
98300 11654.4
98400 11849
98500 11742.4
98600 11403.8
98700 10993.6
98800 11687.8
98900 11549
99000 11415.4
99100 10850.8
99200 11487.4
99300 10906
99400 11518.6
99500 11296.2
99600 11219
99700 11136.4
99800 11247
99900 10390.8
100000 10100.2
