500 44.8
600 59
700 67.2
800 78
900 95.8
1000 107
1100 154.8
1200 149.6
1300 150.4
1400 166.8
1500 257.8
1600 263.6
1700 185.4
1800 196.4
1900 273.2
2000 218
2100 240
2200 245.2
2300 258.4
2400 267
2500 285.6
2600 292.4
2700 306.4
2800 316
2900 336.8
3000 344.2
3100 409.4
3200 417.8
3300 450.2
3400 514.8
3500 420.8
3600 447.4
3700 451.2
3800 524.6
3900 467.6
4000 481.2
4100 632.4
4200 548.8
4300 653
4400 686.6
4500 632.2
4600 737.6
4700 573.2
4800 662
4900 600.8
5000 680.6
5100 737.6
5200 748
5300 662.8
5400 697.6
5500 691.8
5600 738.8
5700 749
5800 867.6
5900 757
6000 834.8
6100 1361.6
6200 1206.6
6300 1117.2
6400 1041.4
6500 1183.6
6600 1181
6700 1302.2
6800 1188.4
6900 1310.4
7000 1126.6
7100 978.2
7200 1029.2
7300 1006
7400 1114.8
7500 1023
7600 1221.8
7700 1060
7800 987
7900 1047
8000 1097.4
8100 1098.6
8200 1076
8300 1638.2
8400 1584
8500 1437.8
8600 1251.6
8700 1231
8800 1255.8
8900 1249.6
9000 1238.8
9100 1171.8
9200 1342.8
9300 1343.8
9400 1183.2
9500 1249.8
9600 1342.4
9700 1257
9800 1439.4
9900 1286.2
10000 1300.4
10100 1306.8
10200 1311
10300 1380.6
10400 1402.6
10500 1363.2
10600 1672.8
10700 1367.2
10800 1418
10900 1507.2
11000 1522.6
11100 1472.8
11200 1460
11300 1743
11400 1488
11500 1540.4
11600 1594.2
11700 1686.4
11800 1537.8
11900 1603.2
12000 1592.4
12100 1609.2
12200 1624.6
12300 1660.4
12400 1672.4
12500 1937.4
12600 1643.8
12700 1699.8
12800 1669.2
12900 1660.8
13000 1717.4
13100 1786.8
13200 1816.6
13300 1728
13400 1789.4
13500 1788
13600 2745.2
13700 2305.4
13800 1929
13900 1980.6
14000 1997.8
14100 1979.8
14200 2061.6
14300 1870.2
14400 1983.4
14500 2098.2
14600 2092
14700 2119.2
14800 1991.8
14900 2062.8
15000 2127.8
15100 2192.6
15200 1986.6
15300 2118.8
15400 2150.8
15500 2160.8
15600 2343.4
15700 2176.8
15800 2071
15900 2225.8
16000 2094.4
16100 2269.4
16200 2323.4
16300 2236.4
16400 2212.8
16500 2190
16600 2163.6
16700 2333.4
16800 2207.4
16900 2386.6
17000 2402.2
17100 2566
17200 2326.4
17300 2420.4
17400 2323
17500 2425
17600 2313.2
17700 2411.4
17800 2512
17900 2359
18000 2490.2
18100 2517.6
18200 2445.8
18300 2632.2
18400 2557.2
18500 2576.2
18600 2708
18700 2716.8
18800 2644.2
18900 2687.4
19000 2649.4
19100 2772.2
19200 2709
19300 2787.8
19400 2761.6
19500 2614
19600 2642.6
19700 2834.6
19800 2885.4
19900 2892.8
20000 2858.4
20100 2867.6
20200 2769.2
20300 2913.4
20400 3055.4
20500 2979.8
20600 2959.4
20700 3020.6
20800 3075.6
20900 3085.8
21000 2970.4
21100 3092
21200 3075.4
21300 3197
21400 3162.2
21500 3170
21600 3146.8
21700 3161
21800 3216.2
21900 3216.4
22000 3093.4
22100 3213.4
22200 3085.6
22300 3450
22400 3289
22500 3248.4
22600 3450.4
22700 3376.6
22800 3348.8
22900 3400
23000 3388.6
23100 3288.4
23200 3421.6
23300 3413.2
23400 3487
23500 3432.8
23600 3525.4
23700 3399
23800 3489.6
23900 3571.8
24000 3537.8
24100 3542.4
24200 3581.8
24300 3479.6
24400 3746.4
24500 3690.6
24600 3698.4
24700 3394.6
24800 3655.8
24900 3698.8
25000 3707.6
25100 3716
25200 3799.6
25300 3588.2
25400 3772.8
25500 3800
25600 4099.8
25700 3750.6
25800 3688.8
25900 3983
26000 3765
26100 3912
26200 3954
26300 3686
26400 4095.6
26500 3873
26600 3839.6
26700 4065
26800 4020.6
26900 4101
27000 4104.8
27100 4200
27200 3985.2
27300 3984.8
27400 4151
27500 4324.6
27600 4070.8
27700 4095
27800 4143
27900 4006
28000 4143
28100 4210.8
28200 4293.2
28300 4213.8
28400 4262
28500 3866.8
28600 4266.2
28700 4377.6
28800 4305.6
28900 4377.8
29000 4147.6
29100 4138.8
29200 4310.6
29300 4068.4
29400 4464.6
29500 4431
29600 4334.6
29700 4550.2
29800 4175.8
29900 4129.4
30000 4208.8
30100 4522
30200 4566
30300 4479.2
30400 4573.8
30500 4600
30600 4418.8
30700 4479.8
30800 4619.8
30900 4622.4
31000 4433.2
31100 4699
31200 4804.2
31300 4859.8
31400 4965.2
31500 4411.6
31600 4648.4
31700 4515.6
31800 4669
31900 4937.4
32000 4789.2
32100 4924.8
32200 4646.2
32300 4863.6
32400 5003.6
32500 4692
32600 4999.8
32700 4743.8
32800 4722.8
32900 4882.2
33000 5222
33100 4642.8
33200 4944.4
33300 5185.8
33400 4926.2
33500 5212.6
33600 5437.2
33700 5301
33800 5318
33900 5340.2
34000 5495.6
34100 5305.4
34200 4983.8
34300 5361
34400 5576.4
34500 5506.4
34600 5059
34700 5049.8
34800 5109.8
34900 5467.2
35000 5545.6
35100 5597
35200 5651
35300 5478.6
35400 5638.4
35500 5509
35600 5205.8
35700 5879
35800 5857.8
35900 5618
36000 5805
36100 5723
36200 5714.4
36300 5874.4
36400 5871.2
36500 5958.2
36600 5991.6
36700 5813.4
36800 5909.4
36900 5786.4
37000 5817.4
37100 5924.4
37200 5909
37300 5996.2
37400 6075.6
37500 6036.8
37600 6102
37700 5999.8
37800 6065.4
37900 6118
38000 5563.4
38100 6021.8
38200 6375.8
38300 6068.2
38400 5705
38500 6005.8
38600 6112.4
38700 5940.8
38800 6199.2
38900 6320.6
39000 6261.8
39100 5734.8
39200 6048.6
39300 6239.8
39400 6392.6
39500 6513.4
39600 6007.6
39700 6076.2
39800 6108.6
39900 6479.4
40000 6357.8
40100 5877
40200 5940.8
40300 5979.4
40400 6617
40500 6254.6
40600 6337
40700 6659.4
40800 6594.2
40900 6076.4
41000 6667.4
41100 6746.4
41200 6698.2
41300 6814.2
41400 6326.2
41500 6576.8
41600 6746
41700 6762.4
41800 6672.4
41900 6679.2
42000 6345.8
42100 6726.4
42200 7191.8
42300 6773.8
42400 6613.6
42500 7410.8
42600 6607.6
42700 7091.6
42800 7255.6
42900 6660.2
43000 7044.2
43100 6839
43200 6929
43300 6683.8
43400 6614.8
43500 6739
43600 6884.4
43700 6416.6
43800 7275.4
43900 6792.8
44000 6658.2
44100 6954.4
44200 6960.2
44300 6935.6
44400 7416.2
44500 7247.6
44600 7516.4
44700 7030.6
44800 7791.8
44900 7462.8
45000 6938.6
45100 7490.2
45200 7046.4
45300 7399.6
45400 7089.6
45500 7585
45600 7275.8
45700 7314.2
45800 7810
45900 7438.2
46000 7802.8
46100 7364.4
46200 7797.6
46300 7965.2
46400 7511.2
46500 7255
46600 8018
46700 7443.6
46800 7321.4
46900 7296.2
47000 8264
47100 7539.4
47200 7842.4
47300 8048.6
47400 7970.6
47500 7996.2
47600 7867.8
47700 7952.2
47800 7610.2
47900 7710.8
48000 7447.8
48100 7359.4
48200 7517.2
48300 7969
48400 7706.2
48500 8099.8
48600 8206.6
48700 8021.6
48800 8303.4
48900 8077.6
49000 7624.6
49100 8141.2
49200 7478.2
49300 7691.6
49400 8124
49500 7942
49600 7596
49700 7686.8
49800 7980.6
49900 7876.2
50000 8360.8
50100 7905.6
50200 8000.8
50300 8247.4
50400 8148
50500 7886.8
50600 8087.2
50700 7904.6
50800 7739.2
50900 8217.8
51000 7783.4
51100 8331.2
51200 8574.4
51300 8332.2
51400 8400.4
51500 8256
51600 8502.2
51700 8942.2
51800 8562
51900 8709.2
52000 8686.2
52100 8539.6
52200 8943
52300 8312.4
52400 8286.4
52500 8795.8
52600 8576.8
52700 8444.6
52800 8923.6
52900 9067.6
53000 9073
53100 8843.8
53200 9033.4
53300 9022.4
53400 9041.2
53500 9041.2
53600 9144.4
53700 9402.2
53800 9233.8
53900 9199.2
54000 9084.4
54100 8467.2
54200 9386.6
54300 9147.6
54400 8823.8
54500 9316
54600 9185.2
54700 9198.2
54800 9418.8
54900 9132.6
55000 9565.4
55100 9453.6
55200 9085
55300 9214.6
55400 9009
55500 9120.8
55600 8833.6
55700 8784.4
55800 8581.6
55900 9579.2
56000 8748.6
56100 9071.2
56200 9427.6
56300 9584.8
56400 8939.6
56500 8860.4
56600 9144.8
56700 9669
56800 8994.2
56900 9205.8
57000 9100
57100 9080
57200 9498
57300 9792.2
57400 9375.6
57500 8805.2
57600 9632.8
57700 9284
57800 9619.8
57900 9306.8
58000 9484.2
58100 10082.6
58200 10064
58300 9314.6
58400 9760
58500 9577.6
58600 10087.6
58700 10174.2
58800 10200.4
58900 9802.6
59000 9163.6
59100 9636.2
59200 10065.4
59300 10450.8
59400 10195.6
59500 10224.4
59600 10051.6
59700 9634.2
59800 10392.8
59900 10452.2
60000 10170.8
60100 9942.8
60200 10491.4
60300 10418.4
60400 10661.6
60500 10305.2
60600 10161.4
60700 10578
60800 10531.8
60900 9526.2
61000 10467.8
61100 9804.6
61200 10011.6
61300 9744.8
61400 10539.8
61500 10053.2
61600 10278.2
61700 10267.2
61800 10059
61900 10356.6
62000 10392
62100 10151.6
62200 10565.8
62300 10589
62400 10015.8
62500 10721.4
62600 10184.6
62700 10335.2
62800 9949.6
62900 10271.4
63000 10457.4
63100 10018
63200 10093
63300 10867.6
63400 10503.6
63500 10717
63600 10672.4
63700 10530.2
63800 10411.6
63900 10382.8
64000 11163
64100 11178.6
64200 10834
64300 10071.2
64400 10478.2
64500 11149.6
64600 11040.6
64700 11449.6
64800 11357.2
64900 11372.8
65000 11424
65100 10800.2
65200 11911
65300 11642.4
65400 11035.4
65500 11914.6
65600 11548.4
65700 10662.6
65800 11098.6
65900 11940.8
66000 11839.4
66100 11473.2
66200 11985.4
66300 11643.4
66400 11570.2
66500 11027.2
66600 10926.6
66700 11676.8
66800 11201.2
66900 11263
67000 11280.6
67100 11230
67200 11564.6
67300 11384.2
67400 11764.6
67500 11638
67600 11887.4
67700 12452.8
67800 11796.2
67900 11578.8
68000 11547.4
68100 11463.2
68200 11798.8
68300 11521
68400 11024.2
68500 11300.8
68600 11787
68700 11218.2
68800 11986.4
68900 11968.8
69000 11538.6
69100 11355.8
69200 12115
69300 11579.2
69400 12402
69500 11285
69600 11102.2
69700 11781.2
69800 11373.4
69900 12196.4
70000 11614.4
70100 11376
70200 12306.2
70300 12258.8
70400 12573.4
70500 12603.6
70600 12282.6
70700 11852
70800 12368.6
70900 11875.4
71000 11861.6
71100 12003.2
71200 11725.6
71300 12370.2
71400 11746.2
71500 11488.6
71600 12047.8
71700 12009.4
71800 11608
71900 11989.4
72000 11729.6
72100 12289.4
72200 11548.4
72300 12790.6
72400 12576
72500 12023.2
72600 11761
72700 12387.2
72800 12493.6
72900 11969.4
73000 11849.6
73100 12105.4
73200 12710.2
73300 12924
73400 12315
73500 13311
73600 12136
73700 12884.6
73800 12723.2
73900 12989.4
74000 12977.8
74100 13268
74200 12175
74300 12627
74400 13274.2
74500 13397
74600 13296.6
74700 13107.4
74800 13245.6
74900 12966.8
75000 13223
75100 12159.8
75200 12677.8
75300 12959.6
75400 13429.4
75500 12451
75600 12528
75700 13413.4
75800 12443.4
75900 12848.6
76000 12294
76100 12842.4
76200 12655.2
76300 12959.8
76400 13063.6
76500 12473
76600 12786.8
76700 12845.6
76800 13109
76900 13464.2
77000 13555.8
77100 13334.2
77200 13016.6
77300 13435
77400 13345.6
77500 13562.4
77600 13020.8
77700 13023.6
77800 13394.2
77900 13006.2
78000 13489.4
78100 13664.8
78200 12506.2
78300 12854.6
78400 13396
78500 13821
78600 13771.8
78700 12652.4
78800 14216.6
78900 14143.4
79000 13943.2
79100 13608.8
79200 13912.6
79300 13447.2
79400 12707.4
79500 14137.2
79600 13281.8
79700 13774
79800 14134.6
79900 14138.6
80000 13501.2
80100 13377.6
80200 12823.6
80300 13064.4
80400 13997
80500 14460.4
80600 14380
80700 13614.6
80800 13726.2
80900 13222.8
81000 13696.2
81100 13607
81200 13624.2
81300 13035.6
81400 13255.4
81500 13955.6
81600 13342.6
81700 13256
81800 14084.6
81900 14277.8
82000 13433
82100 13487.6
82200 13672.6
82300 14563.2
82400 13638
82500 13595.4
82600 14028.2
82700 14513.2
82800 14596
82900 14784.8
83000 14730.6
83100 13594.8
83200 13459.2
83300 14114.4
83400 14348
83500 14883
83600 14874.6
83700 15457.4
83800 15318.6
83900 14649.6
84000 14934
84100 15079.4
84200 13221
84300 14570.4
84400 14513.2
84500 13801.6
84600 14398.8
84700 14173.4
84800 14176.8
84900 14783.6
85000 14559.2
85100 13892.4
85200 15088.2
85300 14088.4
85400 14672.2
85500 14518.2
85600 14236
85700 13862.4
85800 14543.8
85900 14826
86000 14586.6
86100 14853.8
86200 14237.6
86300 14888.8
86400 14429.6
86500 14814.4
86600 14901
86700 14486
86800 14562.4
86900 14760.4
87000 14381
87100 15319.2
87200 15442.8
87300 15511.6
87400 14232.4
87500 15512
87600 15292.4
87700 14997.4
87800 15369
87900 15846.8
88000 15453.6
88100 15853.6
88200 15781.6
88300 15561
88400 14610.6
88500 15520.4
88600 14960
88700 14875
88800 15874
88900 15372.6
89000 15740.2
89100 15301.8
89200 15639.4
89300 15207.4
89400 15077.6
89500 14316.4
89600 14696.4
89700 15072.2
89800 14542
89900 15275.2
90000 14846.4
90100 15675.2
90200 15034
90300 15196
90400 16151
90500 16102
90600 15755.4
90700 15096
90800 15991.8
90900 15592.8
91000 16345.4
91100 15354.4
91200 15190.4
91300 15978.6
91400 16149
91500 16375.2
91600 15012
91700 15119
91800 16561.8
91900 15803.2
92000 16529.8
92100 15999
92200 16321
92300 15449.4
92400 15676.4
92500 16477.4
92600 15895.8
92700 15043
92800 16233.4
92900 16317
93000 15627
93100 16025
93200 15341.6
93300 16552.4
93400 15887
93500 15484.8
93600 15875.6
93700 16388.2
93800 16030.8
93900 15705.8
94000 15948.6
94100 15781.2
94200 15948.6
94300 16500.2
94400 15894.8
94500 16316
94600 16785
94700 16168.4
94800 16262.8
94900 15844.8
95000 16866.6
95100 16794.4
95200 16165
95300 16007.4
95400 16881.6
95500 16338.6
95600 16522.6
95700 15487
95800 16552.6
95900 17293.8
96000 16814
96100 16592.4
96200 15673
96300 16762.4
96400 15845.2
96500 16565.4
96600 17065.4
96700 15996
96800 16212.8
96900 16581.8
97000 16798.6
97100 16595.2
97200 16949
97300 16540.6
97400 15861.8
97500 17393.4
97600 16095.6
97700 16865
97800 16917.4
97900 16936.8
98000 17256.2
98100 16793.2
98200 17061.4
98300 17471
98400 17466.4
98500 17738
98600 17188.8
98700 16981.2
98800 17224.6
98900 16771.4
99000 17102.4
99100 17657.8
99200 17470.4
99300 17712
99400 17609.6
99500 17754.2
99600 17642
99700 18008.4
99800 16994
99900 17845.8
100000 17190.2
