500 32.6
600 38.6
700 51
800 54.6
900 83.2
1000 69.4
1100 90.2
1200 108.4
1300 97.8
1400 116.6
1500 200.4
1600 148.4
1700 122
1800 126.4
1900 144.8
2000 137.6
2100 148.8
2200 162.2
2300 173
2400 168.6
2500 220.8
2600 183.2
2700 188.4
2800 197.8
2900 206
3000 242.8
3100 226.4
3200 313.8
3300 355.4
3400 304.4
3500 256.6
3600 266.6
3700 324.2
3800 417.8
3900 302.6
4000 348
4100 337.2
4200 313
4300 403.6
4400 362.8
4500 381.4
4600 333.6
4700 425.8
4800 368.6
4900 389.8
5000 395.8
5100 409.6
5200 487.6
5300 441.6
5400 402.6
5500 417.6
5600 454.6
5700 462.6
5800 544.4
5900 431
6000 723.2
6100 621.4
6200 613.4
6300 691.6
6400 663.4
6500 548.4
6600 666.6
6700 834.4
6800 741
6900 758.4
7000 699
7100 540.2
7200 556
7300 617.6
7400 770.8
7500 546.2
7600 967.4
7700 618.6
7800 583.2
7900 616.8
8000 786
8100 747.8
8200 694.6
8300 918.8
8400 917
8500 818.4
8600 759.8
8700 670.6
8800 829
8900 660.4
9000 842.4
9100 739.4
9200 676.2
9300 704.8
9400 783.4
9500 710.2
9600 715.4
9700 758.6
9800 808.4
9900 734
10000 745.6
10100 747
10200 951
10300 763
10400 778.8
10500 826.8
10600 800.2
10700 792.4
10800 803.8
10900 805
11000 824
11100 821.6
11200 844
11300 870.6
11400 844.4
11500 906.4
11600 908.2
11700 940
11800 954.2
11900 938.2
12000 908.2
12100 951.2
12200 985.2
12300 935.8
12400 955.4
12500 1124.2
12600 977
12700 955.6
12800 957.2
12900 1066
13000 1005.8
13100 979.2
13200 990.8
13300 988.8
13400 1024
13500 1043
13600 1887.2
13700 1082.2
13800 1083.4
13900 1044.2
14000 1100.8
14100 1087
14200 1185.8
14300 1116.2
14400 1275.4
14500 1171.4
14600 1174
14700 1356.2
14800 1122
14900 1188.8
15000 1150.6
15100 1128
15200 1273.2
15300 1216.2
15400 1248.2
15500 1175
15600 1182.8
15700 1201.6
15800 1213.8
15900 1268.8
16000 1231
16100 1215.2
16200 1278.4
16300 1227.4
16400 1274
16500 1246.6
16600 1299.8
16700 1272.6
16800 1302.2
16900 1333.6
17000 1641.2
17100 1349.6
17200 1300.6
17300 1306.2
17400 1350.2
17500 1419.6
17600 1352.4
17700 1339.2
17800 1439.6
17900 1472.4
18000 1390
18100 1470.4
18200 1394.8
18300 1433.2
18400 1475.8
18500 1475.2
18600 1497.6
18700 1508.8
18800 1436.4
18900 1541.4
19000 1473.6
19100 1576.6
19200 1472.8
19300 1584.8
19400 1585
19500 1614
19600 1534.4
19700 1631.4
19800 1614.4
19900 1687.2
20000 1612.6
20100 1564.4
20200 1536.6
20300 1536.2
20400 1619.2
20500 1687.6
20600 1791.6
20700 1765
20800 1812
20900 1770.4
21000 1764.6
21100 1895
21200 1764.6
21300 1780.6
21400 1713
21500 1787.8
21600 1920.8
21700 1808.4
21800 1797.6
21900 1691.4
22000 1680.4
22100 1797.2
22200 1856.2
22300 1764.8
22400 1890.8
22500 1870.4
22600 1782.4
22700 1873.4
22800 1912.2
22900 2222.4
23000 1961.4
23100 2447.8
23200 1934.4
23300 1945.8
23400 1974.2
23500 1954.4
23600 1984.6
23700 1988.2
23800 2008.4
23900 2016.8
24000 2054.8
24100 2138.8
24200 2046.4
24300 2017.6
24400 2086.2
24500 2361.2
24600 2103.4
24700 2070.4
24800 2192.6
24900 1963.6
25000 2153.2
25100 2087
25200 2082.6
25300 1959.6
25400 2169.4
25500 2027.6
25600 2335.2
25700 2142.4
25800 2206.4
25900 2158.8
26000 2204.2
26100 2204.2
26200 2044.2
26300 2276.8
26400 2117.2
26500 2227.2
26600 2254.2
26700 2265.4
26800 2288.6
26900 2289.6
27000 2356
27100 2694
27200 2151.4
27300 2342.4
27400 2371.6
27500 2146.6
27600 2362.6
27700 2347.4
27800 2394.4
27900 2170.8
28000 2311.4
28100 2406
28200 2461.4
28300 2420
28400 2430.8
28500 2293.8
28600 2432.8
28700 2483
28800 2323.4
28900 2493.2
29000 2652.8
29100 2292.8
29200 2604.2
29300 2458.8
29400 2335.4
29500 2533.6
29600 2510.2
29700 2552.8
29800 2384
29900 2434.4
30000 2534.8
30100 2410.2
30200 2616.8
30300 2501.4
30400 2663.8
30500 2461
30600 2504.8
30700 2618
30800 2548.2
30900 2456.2
31000 2707.2
31100 2718.8
31200 2753.6
31300 2768.4
31400 2810.4
31500 2633.8
31600 2770.2
31700 2551
31800 2604
31900 2510.6
32000 2710.6
32100 2828
32200 2710.8
32300 2808.6
32400 2880.2
32500 2779
32600 2865.6
32700 2670.6
32800 2825
32900 2722
33000 2824.2
33100 2667
33200 2733
33300 2637
33400 2799.8
33500 2914
33600 2991.4
33700 2924.6
33800 2856
33900 3036.2
34000 2886.8
34100 3139.8
34200 3048.4
34300 3071
34400 3114
34500 3099
34600 3047.8
34700 3054.8
34800 3016.6
34900 3120.6
35000 3195.2
35100 3070
35200 3106.6
35300 3203.6
35400 3209
35500 3190.2
35600 3174.8
35700 3142.4
35800 3025.2
35900 2863.2
36000 3326.4
36100 3283.6
36200 3149.6
36300 2894.4
36400 3399.6
36500 3363.8
36600 3404.8
36700 3345.2
36800 3406.8
36900 3105.4
37000 3489
37100 3444.2
37200 3443.2
37300 3081
37400 3481.4
37500 3866.8
37600 3498.6
37700 3429.4
37800 3467.2
37900 3438.4
38000 3167.6
38100 3413.4
38200 3501.2
38300 3357.8
38400 3449.2
38500 3549.8
38600 3501.2
38700 3558.2
38800 3637
38900 3594.8
39000 3611.4
39100 3337.4
39200 3632.2
39300 3875.8
39400 3682
39500 3635
39600 3668
39700 3498.2
39800 3331
39900 3675.2
40000 3751.6
40100 3686
40200 3365.6
40300 3241.8
40400 3705.8
40500 3548
40600 3704.6
40700 3765.6
40800 3820.8
40900 3371.8
41000 3730.6
41100 3337.4
41200 3803.6
41300 3592.8
41400 3410.2
41500 3722.2
41600 3994
41700 3772.8
41800 3909.8
41900 3551.8
42000 3905.2
42100 4059.2
42200 4115.8
42300 3716.4
42400 4069.8
42500 3731.8
42600 3986.4
42700 3931.2
42800 3767.8
42900 3804
43000 3957
43100 3973.4
43200 3910.6
43300 3926.8
43400 4039.4
43500 3829.2
43600 3889
43700 3699.2
43800 3990.6
43900 3762.4
44000 4057
44100 4010
44200 3869.8
44300 4190.2
44400 3979.4
44500 4177.2
44600 4499.6
44700 4227.8
44800 3966.6
44900 3931.2
45000 4053
45100 4362.8
45200 3975.2
45300 4348.8
45400 4396.6
45500 3849.4
45600 4084.2
45700 4091.4
45800 4390
45900 4348.4
46000 4395.8
46100 4165.8
46200 4358.8
46300 4401.2
46400 4719.6
46500 4433.2
46600 4195
46700 4282.4
46800 4292.6
46900 4435.2
47000 4574.4
47100 3926.8
47200 4572
47300 4443
47400 4573.2
47500 4652.6
47600 4560.4
47700 4471
47800 4597.8
47900 4596.2
48000 4434.4
48100 4364.4
48200 4164
48300 4040
48400 4303.8
48500 4606.2
48600 4102.4
48700 4620.6
48800 4537.8
48900 4638
49000 4662.8
49100 4254
49200 4672
49300 4440.8
49400 4318
49500 4566.4
49600 4732
49700 4142.8
49800 4468.2
49900 4628.8
50000 4367.6
50100 4740.4
50200 4374.2
50300 5150.8
50400 4498.4
50500 4423.6
50600 4521.8
50700 4281.6
50800 4578.8
50900 4480.2
51000 4627.6
51100 4542.4
51200 4909.6
51300 4955.8
51400 4540.8
51500 4624
51600 4511.2
51700 4950.4
51800 5049
51900 4927.8
52000 4985.2
52100 4994.2
52200 5058.8
52300 4940
52400 4685.6
52500 4996.6
52600 4940
52700 4844
52800 5093.8
52900 5096.4
53000 5120.2
53100 5188.8
53200 5138.6
53300 5036.6
53400 5128
53500 5078.8
53600 5231.8
53700 5293.8
53800 5270.2
53900 5045.4
54000 5272
54100 5201.6
54200 4786.6
54300 5081
54400 4890
54500 4686.2
54600 5259.8
54700 5377.6
54800 5348.8
54900 4662.6
55000 5419.4
55100 5356.2
55200 5335
55300 5316.6
55400 4897
55500 5148.2
55600 5150
55700 5180.2
55800 5194.6
55900 4995.4
56000 5388.6
56100 5270
56200 5597.6
56300 4720.4
56400 5086
56500 5475.4
56600 5443.4
56700 4859.6
56800 5408
56900 5083.8
57000 5054
57100 5361.2
57200 5062.8
57300 5128.4
57400 5483.6
57500 5158.8
57600 5519.2
57700 5495.8
57800 5112.6
57900 5175.4
58000 5605.2
58100 5681.8
58200 5695
58300 5411
58400 5241.4
58500 5143.8
58600 5822.6
58700 5645.4
58800 5618.4
58900 5571.8
59000 5473.8
59100 5606.6
59200 5804
59300 5897.4
59400 5903.6
59500 5885.2
59600 5276.2
59700 5726
59800 5834.6
59900 5953.2
60000 5875
60100 5839.6
60200 5883.8
60300 5838
60400 5377
60500 5879.6
60600 5875.4
60700 5897.6
60800 5984.4
60900 5470.4
61000 5925.4
61100 5946.8
61200 6075.6
61300 5861.4
61400 6069.4
61500 5992.8
61600 6006.8
61700 6024.6
61800 5650.6
61900 5978.6
62000 6281
62100 6187.6
62200 5649.8
62300 5920.6
62400 5804.4
62500 6104.4
62600 5794.8
62700 5588.8
62800 5853.6
62900 6137.6
63000 5687.2
63100 6114.2
63200 5749
63300 6165
63400 6196.2
63500 6269.6
63600 6117.2
63700 5715.2
63800 5926.4
63900 6253.6
64000 6212
64100 6192
64200 6414.2
64300 5986.6
64400 6207.2
64500 6340.4
64600 6603.2
64700 6412
64800 6448
64900 6345.2
65000 6646.8
65100 6145.4
65200 6709.8
65300 6566.8
65400 6662.8
65500 6635.8
65600 6252.2
65700 6560.8
65800 6159.6
65900 6592.2
66000 6606.8
66100 6077
66200 5849
66300 5884
66400 6093.6
66500 6395.2
66600 5906.4
66700 6684
66800 6637.4
66900 5997.8
67000 6207.4
67100 6368.4
67200 6648
67300 6029.2
67400 6717.8
67500 6792.4
67600 6691.4
67700 6608.8
67800 6013.2
67900 6217.2
68000 6699.4
68100 6613.8
68200 5999.4
68300 5960.6
68400 6460.8
68500 6423.8
68600 6273
68700 6366.8
68800 6741
68900 6815.6
69000 6776
69100 6620.2
69200 6448.8
69300 6823.4
69400 6948.4
69500 6474
69600 6807.8
69700 6875.2
69800 6581
69900 6846.8
70000 6467.6
70100 6636.4
70200 6973.4
70300 6208
70400 6918.4
70500 6901
70600 6899.6
70700 6635.6
70800 7039.8
70900 6364.2
71000 7003.8
71100 6670.6
71200 6517.8
71300 6810.6
71400 6720.6
71500 6937.2
71600 6662.8
71700 6578.8
71800 6766.4
71900 6911.6
72000 6700.4
72100 6575.8
72200 6938.8
72300 6695
72400 7144.8
72500 6864.8
72600 6758
72700 6501.2
72800 6587.4
72900 7086.4
73000 7019.6
73100 6982
73200 7119.4
73300 7334.4
73400 7163
73500 7417.4
73600 7251.8
73700 7294.8
73800 7536.8
73900 7511.6
74000 7362
74100 7370.2
74200 6661.6
74300 7212.6
74400 7224.6
74500 7376.2
74600 7285.8
74700 6679
74800 6865.6
74900 7465.6
75000 7353
75100 7389.6
75200 7189.2
75300 7681
75400 7468.6
75500 7053.8
75600 7462
75700 7520.8
75800 7204
75900 7117.2
76000 7142.2
76100 7856.8
76200 7018.6
76300 7610.4
76400 6885.8
76500 7020.8
76600 7002.6
76700 7411.8
76800 7549
76900 7024
77000 6810.4
77100 6833.8
77200 7591.8
77300 6958.4
77400 7106.2
77500 7756.6
77600 7216.4
77700 7436.4
77800 7259
77900 7143.6
78000 7291.2
78100 7395.4
78200 7671.6
78300 7265
78400 7756.8
78500 7309
78600 7210
78700 7299
78800 7836.6
78900 8028.2
79000 7817
79100 7428.2
79200 7791.2
79300 7333.2
79400 7656.4
79500 7684.2
79600 7723
79700 7317.4
79800 8024
79900 7975
80000 7735.6
80100 7538.8
80200 7804.8
80300 7238.4
80400 7922
80500 8072.8
80600 7667.4
80700 7241.2
80800 8150.2
80900 7831
81000 7774.4
81100 7651.2
81200 7916.8
81300 7523
81400 7433.2
81500 7460.8
81600 7421.4
81700 7365
81800 7628.2
81900 8000
82000 7721
82100 8309.8
82200 7578.4
82300 8135.8
82400 7735.2
82500 7817.4
82600 8034
82700 7597
82800 8176.4
82900 8244.8
83000 8266.8
83100 7922.2
83200 7980.8
83300 8348.2
83400 8280
83500 8298.6
83600 8332.6
83700 8736.6
83800 8590.4
83900 7530
84000 8080.2
84100 8354
84200 8115.4
84300 8251.8
84400 7488
84500 8438.6
84600 7944.2
84700 7840.4
84800 7818.4
84900 8218
85000 7845.2
85100 7939.4
85200 8582.2
85300 8004.8
85400 8435.2
85500 7711.4
85600 7867
85700 8340.8
85800 8187.8
85900 7952.6
86000 7835.8
86100 8638.8
86200 8046
86300 7798.6
86400 8539.8
86500 8510.4
86600 8165.6
86700 8554
86800 8450
86900 8320.8
87000 8143.6
87100 8085.8
87200 8560.8
87300 8616.4
87400 7670.6
87500 8610.8
87600 8567.6
87700 8252
87800 8767.4
87900 8782.2
88000 8870.2
88100 8911.8
88200 8789
88300 8744.6
88400 8821.4
88500 8784.6
88600 8676.8
88700 8827.8
88800 8365.8
88900 8977.6
89000 8182.8
89100 8960.4
89200 8901.2
89300 8593
89400 8710.6
89500 8255
89600 8729.2
89700 7962.4
89800 8317.6
89900 8319.8
90000 8416
90100 9018.2
90200 8351.2
90300 8844.4
90400 8054.4
90500 9204.4
90600 8882.6
90700 8660.2
90800 8348.6
90900 9097.6
91000 9026.8
91100 8518.2
91200 9052
91300 8597.4
91400 9143
91500 8392.6
91600 8889
91700 8951.4
91800 9156.4
91900 9163.8
92000 9172.8
92100 9293.6
92200 9059
92300 8810.6
92400 8960.6
92500 8907.8
92600 9083.4
92700 8939.8
92800 8897.8
92900 9239.4
93000 9303.6
93100 9051.8
93200 8765.8
93300 8913.2
93400 8506.6
93500 9191.8
93600 9023.6
93700 9382.6
93800 8500.6
93900 8707
94000 9111
94100 9033.8
94200 8961.2
94300 9180.8
94400 9013.2
94500 8756.4
94600 9429.4
94700 9509
94800 9423.8
94900 9246
95000 9084.6
95100 8693.6
95200 9292.6
95300 9446
95400 9026.6
95500 8874
95600 10045.2
95700 8735.8
95800 9611.8
95900 9538.2
96000 9539
96100 9176.8
96200 8941.6
96300 8705.8
96400 8808.6
96500 8772.4
96600 9177.8
96700 9643.4
96800 8916
96900 9755.4
97000 9667.6
97100 9612.8
97200 9644.6
97300 9656.2
97400 9176
97500 9712
97600 9201.2
97700 9187
97800 9045.8
97900 9176.8
98000 9996.4
98100 9791
98200 9809.6
98300 9639.6
98400 9732.6
98500 9835
98600 9248.4
98700 9645.6
98800 9773.8
98900 9269.8
99000 9257.4
99100 9830
99200 9009.2
99300 9517.4
99400 9838
99500 10002.8
99600 9922.2
99700 9919.2
99800 9318.4
99900 9942.8
100000 9431.4
